# 시작 방 — 적이 없는 방. 네 쪽에 문간이 달린 정사각 방이고, 채광 구멍 밑에 큰 헤드론이 떠 있다.
# 이 파일은 game/tools/art/make-rooms.mjs 가 적는다 — 고치려면 그 도구의 틀 정의를 고쳐 다시 돌린다 (손으로 고친 것은 덮어쓰인다).
# 방 가운데가 원점, 바닥 윗면이 y 0, 북쪽이 -z. 칸은 32 m × 32 m 이고 문 자리는 칸의 변의 가운데(방 가운데에서 16 m)다 — 문 자리: N E S W.
# 틀은 닫힌 실내다 (바닥·벽·천장·창·문틀이 통째로) — 방마다 90 도 단위로 돌려 놓는다 (domain/dungeon.hpp). 빛은 이 좌표에서 굽는다: 해는 남동쪽이라 동·남쪽 벽의 창과 천장의 채광 구멍으로 볕이 든다.
# 하늘거주지(코르 마킨디 제국이 띄운 부유 요새의 유적 — docs/lore.md)의 내부. 그 내부의 생김새는 공식 자료에 없어 이 게임이 지었다:
# 풍화된 회백색 돌의 높은 홀, 각진 아치와 모따기한 각기둥, 몰딩과 벽기둥, 청록 오닉스와 호박색 오닉스·삭은 청동의 포인트, 각진 머리의 색유리창(코르 양식으로 지어낸 것), 빛나는 헤드론 조각, 남은 기물.
# 도형은 부딪히지 않는다 — 충돌은 block 줄이 낸다 (밑단·벽·문설주·기둥의 단순한 상자).

# 벽 — 아랫단의 애슐러, 윗단의 잔 블록, 밑단
material stone      medieval_blocks_03 2.6
material wall_hi    white_sandstone_blocks_02 2.4
material stone_dk   seaworn_stone_tiles 2.2 #d6d2c8
# 다듬은 돌 — 몰딩·벽기둥·창틀·아치, 들보와 우물천장의 살, 기둥의 몸
material stone_lt   marble_01 2.0
material trim_dk    marble_01 2.0 #b9b5ab
material shaft      travertine014 2.0
material granite    granite_tile 1.6
# 바닥 — 판석, 돌길, 가운데 무늬의 모자이크
material floor      stone_tiles_02 2.6
material path       marble_01 2.0 #d9d5cb
material mosaic     marble_mosaic_tiles 1.6
material ceiling    sandstone_cracks 3.0 #cfccc5
# 포인트 — 청록 오닉스, 호박색 오닉스, 삭은 청동
material onyx_teal  onyx006 1.4
material onyx_amber onyx007 1.4
material bronze     metal017 1.2
# 색유리 — 납 격자에 청록·호박색·옅은 흰빛 조각. 화면에서는 유리 조각이 빛나고, 굽기에서는 지나는 볕에 조각의 색이 곱해진다 (납선은 막는다).
# 창살이 가른 칸마다 유리의 빛깔이 다르다 (청록 칸, 호박색 칸, 옅은 칸) — 해 원반의 반그림자(7 m 에서 0.4 m 쯤)가 잔 조각의 무늬는 뭉개도 칸의 빛깔은 바닥에 또렷이 남는다
material glass_teal  glass_window_001 3.4 #8fe6d8 glass
material glass_amber glass_window_001 3.4 #ffc98a glass
material glass_pale  glass_window_001 3.4 #fff3dd glass
material moss       mossy_rock 3.0
material drift      sand_01 1.5
material hedron     travertine014 2.0 #c8c5bc
# 스스로 빛나는 것 — 룬빛 헤드론 조각, 불씨, 불꽃
color rune      #63e0cf glow
color ember     #ffb45e glow
color flame     #ff9a3c glow
solid off

# ── 바닥
lightmap 10
block 0 -0.5 0  24 1 24
box floor 0 -0.5 0  24 1 24 lm -y 0.25
block 0 -0.5 -14  10 1 4
box floor 0 -0.5 -14  10 1 4 lm -y 0.25
block 0 -0.5 14  10 1 4
box floor 0 -0.5 14  10 1 4 lm -y 0.25
block 14 -0.5 0  4 1 10
box floor 14 -0.5 0  4 1 10 lm -y 0.25
block -14 -0.5 0  4 1 10
box floor -14 -0.5 0  4 1 10 lm -y 0.25

# ── N 쪽 벽 (z -16, -5 … 5)
block -4.6 0.1 -16.5  3.2 2.2 1.4
block -4.6 5.4 -16.6  3.2 8.4 1.2
lightmap 8
box stone_dk -4.6 -0.04 -16.5  3.2 1.92 1.4 lm -z 0.5 lm -y 0.5
lightmap 6
prism stone_lt -4 0 -16  2  7  -0.02 0.9  0.2 0.9  0.2 0.98  0.13 1.1  0.05 1.14  0.05 1.2  -0.02 1.2 axis x miter 1 0 0 0
lightmap 8
box stone -4.6 2.1 -16.6  3.2 2.4 1.2 lm -z 0.5
lightmap 4
box onyx_teal -4 2.63 -16.009  2 0.14 0.042
lightmap 6
prism stone_lt -4 0 -16  2  6  -0.02 3.28  0.07 3.28  0.15 3.37  0.15 3.49  0.06 3.6  -0.02 3.6 axis x miter 1 0 0 0
box wall_hi -4.6 6.44 -16.6  3.2 6.32 1.2 lm -z 0.5
lightmap 5
prism stone_lt -4 0 -16  2  8  -0.02 8.15  0.1 8.15  0.1 8.29  0.22 8.45  0.22 8.59  0.4 8.83  0.4 9  -0.02 9 axis x miter 1 0 0 0
lightmap 4
box granite -4 -0.006 -15.435  2 0.048 0.77
block 4.6 0.1 -16.5  3.2 2.2 1.4
block 4.6 5.4 -16.6  3.2 8.4 1.2
lightmap 8
box stone_dk 4.6 -0.04 -16.5  3.2 1.92 1.4 lm -z 0.5 lm -y 0.5
lightmap 6
prism stone_lt 4 0 -16  2  7  -0.02 0.9  0.2 0.9  0.2 0.98  0.13 1.1  0.05 1.14  0.05 1.2  -0.02 1.2 axis x miter 0 0 -1 0
lightmap 8
box stone 4.6 2.1 -16.6  3.2 2.4 1.2 lm -z 0.5
lightmap 4
box onyx_teal 4 2.63 -16.009  2 0.14 0.042
lightmap 6
prism stone_lt 4 0 -16  2  6  -0.02 3.28  0.07 3.28  0.15 3.37  0.15 3.49  0.06 3.6  -0.02 3.6 axis x miter 0 0 -1 0
box wall_hi 4.6 6.44 -16.6  3.2 6.32 1.2 lm -z 0.5
lightmap 5
prism stone_lt 4 0 -16  2  8  -0.02 8.15  0.1 8.15  0.1 8.29  0.22 8.45  0.22 8.59  0.4 8.83  0.4 9  -0.02 9 axis x miter 0 0 -1 0
lightmap 4
box granite 4 -0.006 -15.435  2 0.048 0.77
block -2.6 3 -16.25  1.2 6 1.9
block 2.6 3 -16.25  1.2 6 1.9
block 0 4.3 -17.4  6.8 10.6 0.8
block 0 -0.5 -16.6  6.4 1 1.2
lightmap 6
box stone_dk 0 4.3 -17.4  6.8 10.6 0.8 lm -z 0.5
box granite 0 -0.5 -16.6  6.4 1 1.2 lm -y 0.5
box wall_hi 0 7.8 -16.75  6.4 3.6 0.9 lm -z 0.5
prism wall_hi 0 0 -16.16  0.32  5  -3.2 6  -3.2 8.04  0 8.04  0 7.7  -2.6 6.4 axis z
prism wall_hi 0 0 -16.16  0.32  5  3.2 6  3.2 8.04  0 8.04  0 7.7  2.6 6.4 axis z
box wall_hi 0 8.81 -16.16  6 1.58 0.32
lightmap 5
prism stone_lt 0 0 -16  6  8  -0.02 8.15  0.1 8.15  0.1 8.29  0.22 8.45  0.22 8.59  0.4 8.83  0.4 9  -0.02 9 axis x
lightmap 8
box stone_lt -2.6 2.81 -16.25  1.2 5.62 1.9
lightmap 5
box stone_dk -2.6 0.4 -15.64  1.34 0.8 0.82
box bronze -2.6 3.97 -15.655  1.24 0.14 0.75
box onyx_teal -2.6 4.23 -15.659  1.224 0.14 0.742
box stone_lt -2.6 5.8 -16.205  1.38 0.4 1.99
lightmap 8
box stone_lt 2.6 2.81 -16.25  1.2 5.62 1.9
lightmap 5
box stone_dk 2.6 0.4 -15.64  1.34 0.8 0.82
box bronze 2.6 3.97 -15.655  1.24 0.14 0.75
box onyx_teal 2.6 4.23 -15.659  1.224 0.14 0.742
box stone_lt 2.6 5.8 -16.205  1.38 0.4 1.99
lightmap 6
prism trim_dk 0 0 -15.78  1.08  4  -2 6  -1.5 6.263  -1.942 7.104  -3.093 6 axis z
prism stone_lt 0 0 -15.81  1.02  4  -1.5 6.263  -1 6.525  -1.442 7.366  -1.942 7.104 axis z
prism trim_dk 0 0 -15.78  1.08  4  -1 6.525  -0.5 6.788  -0.942 7.629  -1.442 7.366 axis z
prism stone_lt 0 0 -15.81  1.02  4  -0.5 6.788  -0.159 6.966  -0.601 7.807  -0.942 7.629 axis z
prism trim_dk 0 0 -15.78  1.08  4  2 6  1.5 6.263  1.942 7.104  3.093 6 axis z
prism stone_lt 0 0 -15.81  1.02  4  1.5 6.263  1 6.525  1.442 7.366  1.942 7.104 axis z
prism trim_dk 0 0 -15.78  1.08  4  1 6.525  0.5 6.788  0.942 7.629  1.442 7.366 axis z
prism stone_lt 0 0 -15.81  1.02  4  0.5 6.788  0.159 6.966  0.601 7.807  0.942 7.629 axis z
prism granite 0 0 -15.74  1.16  4  -0.3 6.89  0.3 6.89  0.46 8.14  -0.46 8.14 axis z
lightmap 4
box onyx_teal 0 7.53 -15.16  0.3 0.3 0.05 rot 0 0 45
box path 0 0.025 -16.1  4 0.05 1.6
box bronze 0 0.063 -16  3.8 0.025 0.24

# ── N 쪽 벽 (z -12, -12 … -5)
block -9.1 0.1 -12.5  8.2 2.2 1.4
block -9.1 5.4 -12.6  8.2 8.4 1.2
lightmap 8
box stone_dk -9 -0.04 -12.5  8.4 1.92 1.4 lm -z 0.5 lm -y 0.5
lightmap 6
prism stone_lt -8.5 0 -12  7  7  -0.02 0.9  0.2 0.9  0.2 0.98  0.13 1.1  0.05 1.14  0.05 1.2  -0.02 1.2 axis x miter 1 0 1 0
lightmap 8
box stone -11.2 2.1 -12.6  4 2.4 1.2 lm -z 0.5
box stone -6.4 2.1 -12.6  2.8 2.4 1.2 lm -z 0.5
lightmap 6
box stone -8.5 1.06 -12.285  1.44 0.32 0.57
box granite -8.5 2.09 -12.875  1.44 2.38 0.65 lm -z 0.5
box stone -8.5 3.15 -12.285  1.4 0.26 0.57
prism stone 0 0 -12.285  0.57  5  -9.2 2.5  -8.5 3.02  -8.5 3.06  -9.24 3.06  -9.24 2.5 axis z
prism stone 0 0 -12.285  0.57  5  -7.8 2.5  -8.5 3.02  -8.5 3.06  -7.76 3.06  -7.76 2.5 axis z
lightmap 5
prism stone_lt 0 0 -12.04  0.2  4  -9.34 1.2  -9.2 1.2  -9.2 2.5  -9.34 2.57 axis z
prism stone_lt 0 0 -12.04  0.2  4  -9.2 2.5  -8.5 3.02  -8.5 3.194  -9.34 2.57 axis z
prism stone_lt 0 0 -12.04  0.2  4  -7.66 1.2  -7.8 1.2  -7.8 2.5  -7.66 2.57 axis z
prism stone_lt 0 0 -12.04  0.2  4  -7.8 2.5  -8.5 3.02  -8.5 3.194  -7.66 2.57 axis z
box stone_lt -8.5 1.23 -12.145  1.68 0.06 0.81
prop bust -8.5 1.26 -12.26  0 1
lightmap 4
box stone_lt -8.5 4.58 -11.88  1 0.16 0.44
prism stone_lt -8.5 0 -12  0.84  4  -0.1 4.2  0.04 4.2  0.26 4.5  -0.1 4.5 axis x
prop lion_head -8.5 4.66 -11.86  0 1.0
box onyx_teal -10.67 2.63 -12.009  2.66 0.14 0.042
box onyx_teal -6.33 2.63 -12.009  2.66 0.14 0.042
box stone_lt -5.212 1.483 -11.992  0.495 0.481 0.055
box stone_lt -5.373 1.988 -11.992  0.815 0.481 0.055
box stone_lt -5.212 2.493 -11.992  0.495 0.481 0.055
box stone_lt -5.373 2.998 -11.992  0.815 0.481 0.055
box stone_lt -5.212 3.855 -11.992  0.495 0.425 0.055
box stone_lt -5.373 4.304 -11.992  0.815 0.425 0.055
box stone_lt -5.212 4.753 -11.992  0.495 0.425 0.055
box stone_lt -5.373 5.202 -11.992  0.815 0.425 0.055
box stone_lt -5.212 5.651 -11.992  0.495 0.425 0.055
box stone_lt -5.373 6.1 -11.992  0.815 0.425 0.055
box stone_lt -5.212 6.549 -11.992  0.495 0.425 0.055
box stone_lt -5.373 6.998 -11.992  0.815 0.425 0.055
box stone_lt -5.212 7.447 -11.992  0.495 0.425 0.055
box stone_lt -5.373 7.896 -11.992  0.815 0.425 0.055
lightmap 6
prism stone_lt -8.5 0 -12  7  6  -0.02 3.28  0.07 3.28  0.15 3.37  0.15 3.49  0.06 3.6  -0.02 3.6 axis x miter 1 0 1 0
box wall_hi -9.1 6.44 -12.6  8.2 6.32 1.2 lm -z 0.5
lightmap 5
prism stone_lt -8.5 0 -12  7  8  -0.02 8.15  0.1 8.15  0.1 8.29  0.22 8.45  0.22 8.59  0.4 8.83  0.4 9  -0.02 9 axis x miter 1 0 1 0
lightmap 6
box stone_dk -10.6 0.63 -11.875  1.06 1.26 0.29
box stone_lt -10.6 4.485 -11.91  0.9 6.57 0.22
lightmap 4
prism stone_lt -10.6 0 -12  1.1  5  -0.02 7.73  0.2 7.73  0.3 7.95  0.3 8.17  -0.02 8.17 axis x
box onyx_amber -10.6 2.63 -11.8  0.3 0.3 0.05 rot 0 0 45
lightmap 6
box stone_dk -6.4 0.63 -11.875  1.06 1.26 0.29
box stone_lt -6.4 4.485 -11.91  0.9 6.57 0.22
lightmap 4
prism stone_lt -6.4 0 -12  1.1  5  -0.02 7.73  0.2 7.73  0.3 7.95  0.3 8.17  -0.02 8.17 axis x
box onyx_amber -6.4 2.63 -11.8  0.3 0.3 0.05 rot 0 0 45
box granite -8.5 -0.006 -11.435  7 0.048 0.77

# ── N 쪽 벽 (z -12, 5 … 12)
block 9.1 0.1 -12.5  8.2 2.2 1.4
block 9.1 5.4 -12.6  8.2 8.4 1.2
lightmap 8
box stone_dk 9 -0.04 -12.5  8.4 1.92 1.4 lm -z 0.5 lm -y 0.5
lightmap 6
prism stone_lt 8.5 0 -12  7  7  -0.02 0.9  0.2 0.9  0.2 0.98  0.13 1.1  0.05 1.14  0.05 1.2  -0.02 1.2 axis x miter -1 0 -1 0
lightmap 8
box stone 6.4 2.1 -12.6  2.8 2.4 1.2 lm -z 0.5
box stone 11.2 2.1 -12.6  4 2.4 1.2 lm -z 0.5
lightmap 6
box stone 8.5 1.06 -12.285  1.44 0.32 0.57
box granite 8.5 2.09 -12.875  1.44 2.38 0.65 lm -z 0.5
box stone 8.5 3.15 -12.285  1.4 0.26 0.57
prism stone 0 0 -12.285  0.57  5  7.8 2.5  8.5 3.02  8.5 3.06  7.76 3.06  7.76 2.5 axis z
prism stone 0 0 -12.285  0.57  5  9.2 2.5  8.5 3.02  8.5 3.06  9.24 3.06  9.24 2.5 axis z
lightmap 5
prism stone_lt 0 0 -12.04  0.2  4  7.66 1.2  7.8 1.2  7.8 2.5  7.66 2.57 axis z
prism stone_lt 0 0 -12.04  0.2  4  7.8 2.5  8.5 3.02  8.5 3.194  7.66 2.57 axis z
prism stone_lt 0 0 -12.04  0.2  4  9.34 1.2  9.2 1.2  9.2 2.5  9.34 2.57 axis z
prism stone_lt 0 0 -12.04  0.2  4  9.2 2.5  8.5 3.02  8.5 3.194  9.34 2.57 axis z
box stone_lt 8.5 1.23 -12.145  1.68 0.06 0.81
prop amphora 8.5 1.26 -12.26  0 1
lightmap 4
box stone_lt 8.5 4.58 -11.88  1 0.16 0.44
prism stone_lt 8.5 0 -12  0.84  4  -0.1 4.2  0.04 4.2  0.26 4.5  -0.1 4.5 axis x
prop bull_head 8.5 4.66 -11.86  0 1.0
box onyx_teal 6.33 2.63 -12.009  2.66 0.14 0.042
box onyx_teal 10.67 2.63 -12.009  2.66 0.14 0.042
box stone_lt 5.213 1.483 -11.992  0.495 0.481 0.055
box stone_lt 5.373 1.988 -11.992  0.815 0.481 0.055
box stone_lt 5.213 2.493 -11.992  0.495 0.481 0.055
box stone_lt 5.373 2.998 -11.992  0.815 0.481 0.055
box stone_lt 5.213 3.855 -11.992  0.495 0.425 0.055
box stone_lt 5.373 4.304 -11.992  0.815 0.425 0.055
box stone_lt 5.213 4.753 -11.992  0.495 0.425 0.055
box stone_lt 5.373 5.202 -11.992  0.815 0.425 0.055
box stone_lt 5.213 5.651 -11.992  0.495 0.425 0.055
box stone_lt 5.373 6.1 -11.992  0.815 0.425 0.055
box stone_lt 5.213 6.549 -11.992  0.495 0.425 0.055
box stone_lt 5.373 6.998 -11.992  0.815 0.425 0.055
box stone_lt 5.213 7.447 -11.992  0.495 0.425 0.055
box stone_lt 5.373 7.896 -11.992  0.815 0.425 0.055
lightmap 6
prism stone_lt 8.5 0 -12  7  6  -0.02 3.28  0.07 3.28  0.15 3.37  0.15 3.49  0.06 3.6  -0.02 3.6 axis x miter -1 0 -1 0
box wall_hi 9.1 6.44 -12.6  8.2 6.32 1.2 lm -z 0.5
lightmap 5
prism stone_lt 8.5 0 -12  7  8  -0.02 8.15  0.1 8.15  0.1 8.29  0.22 8.45  0.22 8.59  0.4 8.83  0.4 9  -0.02 9 axis x miter -1 0 -1 0
lightmap 6
box stone_dk 6.4 0.63 -11.875  1.06 1.26 0.29
box stone_lt 6.4 4.485 -11.91  0.9 6.57 0.22
lightmap 4
prism stone_lt 6.4 0 -12  1.1  5  -0.02 7.73  0.2 7.73  0.3 7.95  0.3 8.17  -0.02 8.17 axis x
box onyx_amber 6.4 2.63 -11.8  0.3 0.3 0.05 rot 0 0 45
lightmap 6
box stone_dk 10.6 0.63 -11.875  1.06 1.26 0.29
box stone_lt 10.6 4.485 -11.91  0.9 6.57 0.22
lightmap 4
prism stone_lt 10.6 0 -12  1.1  5  -0.02 7.73  0.2 7.73  0.3 7.95  0.3 8.17  -0.02 8.17 axis x
box onyx_amber 10.6 2.63 -11.8  0.3 0.3 0.05 rot 0 0 45
box granite 8.5 -0.006 -11.435  7 0.048 0.77

# ── N 쪽 벽 (z -5, -16 … -12)
block -14.6 0.1 -5.5  5.2 2.2 1.4
block -14.6 5.4 -5.6  5.2 8.4 1.2
lightmap 8
box stone_dk -14.5 -0.04 -5.5  5.4 1.92 1.4 lm -z 0.5 lm -y 0.5
lightmap 6
prism stone_lt -14 0 -5  4  7  -0.02 0.9  0.2 0.9  0.2 0.98  0.13 1.1  0.05 1.14  0.05 1.2  -0.02 1.2 axis x miter 1 0 1 0
lightmap 8
box stone -14.6 2.1 -5.6  5.2 2.4 1.2 lm -z 0.5
lightmap 4
box onyx_teal -14 2.63 -5.009  4 0.14 0.042
box stone_lt -12.212 1.483 -4.992  0.495 0.481 0.055
box stone_lt -12.372 1.988 -4.992  0.815 0.481 0.055
box stone_lt -12.212 2.493 -4.992  0.495 0.481 0.055
box stone_lt -12.372 2.998 -4.992  0.815 0.481 0.055
box stone_lt -12.212 3.855 -4.992  0.495 0.425 0.055
box stone_lt -12.372 4.304 -4.992  0.815 0.425 0.055
box stone_lt -12.212 4.753 -4.992  0.495 0.425 0.055
box stone_lt -12.372 5.202 -4.992  0.815 0.425 0.055
box stone_lt -12.212 5.651 -4.992  0.495 0.425 0.055
box stone_lt -12.372 6.1 -4.992  0.815 0.425 0.055
box stone_lt -12.212 6.549 -4.992  0.495 0.425 0.055
box stone_lt -12.372 6.998 -4.992  0.815 0.425 0.055
box stone_lt -12.212 7.447 -4.992  0.495 0.425 0.055
box stone_lt -12.372 7.896 -4.992  0.815 0.425 0.055
lightmap 6
prism stone_lt -14 0 -5  4  6  -0.02 3.28  0.07 3.28  0.15 3.37  0.15 3.49  0.06 3.6  -0.02 3.6 axis x miter 1 0 1 0
box wall_hi -14.6 6.44 -5.6  5.2 6.32 1.2 lm -z 0.5
lightmap 5
prism stone_lt -14 0 -5  4  8  -0.02 8.15  0.1 8.15  0.1 8.29  0.22 8.45  0.22 8.59  0.4 8.83  0.4 9  -0.02 9 axis x miter 1 0 1 0
lightmap 4
box granite -14 -0.006 -4.435  4 0.048 0.77

# ── N 쪽 벽 (z -5, 12 … 16)
block 14.6 0.1 -5.5  5.2 2.2 1.4
block 14.6 5.4 -5.6  5.2 8.4 1.2
lightmap 8
box stone_dk 14.5 -0.04 -5.5  5.4 1.92 1.4 lm -z 0.5 lm -y 0.5
lightmap 6
prism stone_lt 14 0 -5  4  7  -0.02 0.9  0.2 0.9  0.2 0.98  0.13 1.1  0.05 1.14  0.05 1.2  -0.02 1.2 axis x miter -1 0 -1 0
lightmap 8
box stone 14.6 2.1 -5.6  5.2 2.4 1.2 lm -z 0.5
lightmap 4
box onyx_teal 14 2.63 -5.009  4 0.14 0.042
box stone_lt 12.213 1.483 -4.992  0.495 0.481 0.055
box stone_lt 12.372 1.988 -4.992  0.815 0.481 0.055
box stone_lt 12.213 2.493 -4.992  0.495 0.481 0.055
box stone_lt 12.372 2.998 -4.992  0.815 0.481 0.055
box stone_lt 12.213 3.855 -4.992  0.495 0.425 0.055
box stone_lt 12.372 4.304 -4.992  0.815 0.425 0.055
box stone_lt 12.213 4.753 -4.992  0.495 0.425 0.055
box stone_lt 12.372 5.202 -4.992  0.815 0.425 0.055
box stone_lt 12.213 5.651 -4.992  0.495 0.425 0.055
box stone_lt 12.372 6.1 -4.992  0.815 0.425 0.055
box stone_lt 12.213 6.549 -4.992  0.495 0.425 0.055
box stone_lt 12.372 6.998 -4.992  0.815 0.425 0.055
box stone_lt 12.213 7.447 -4.992  0.495 0.425 0.055
box stone_lt 12.372 7.896 -4.992  0.815 0.425 0.055
lightmap 6
prism stone_lt 14 0 -5  4  6  -0.02 3.28  0.07 3.28  0.15 3.37  0.15 3.49  0.06 3.6  -0.02 3.6 axis x miter -1 0 -1 0
box wall_hi 14.6 6.44 -5.6  5.2 6.32 1.2 lm -z 0.5
lightmap 5
prism stone_lt 14 0 -5  4  8  -0.02 8.15  0.1 8.15  0.1 8.29  0.22 8.45  0.22 8.59  0.4 8.83  0.4 9  -0.02 9 axis x miter -1 0 -1 0
lightmap 4
box granite 14 -0.006 -4.435  4 0.048 0.77

# ── E 쪽 벽 (x 5, -16 … -12)
block 5.5 0.1 -14.6  1.4 2.2 5.2
block 5.6 5.4 -14.6  1.2 8.4 5.2
lightmap 8
box stone_dk 5.5 -0.04 -14.5  1.4 1.92 5.4 lm +x 0.5 lm -y 0.5
lightmap 6
prism stone_lt 5 0 -14  4  7  0.02 0.9  -0.2 0.9  -0.2 0.98  -0.13 1.1  -0.05 1.14  -0.05 1.2  0.02 1.2 axis z miter -1 0 -1 0
lightmap 8
box stone 5.6 2.1 -14.6  1.2 2.4 5.2 lm +x 0.5
lightmap 4
box onyx_teal 5.009 2.63 -14  0.042 0.14 4
box stone_lt 4.993 1.483 -12.372  0.055 0.481 0.815
box stone_lt 4.993 1.988 -12.212  0.055 0.481 0.495
box stone_lt 4.993 2.493 -12.372  0.055 0.481 0.815
box stone_lt 4.993 2.998 -12.212  0.055 0.481 0.495
box stone_lt 4.993 3.855 -12.372  0.055 0.425 0.815
box stone_lt 4.993 4.304 -12.212  0.055 0.425 0.495
box stone_lt 4.993 4.753 -12.372  0.055 0.425 0.815
box stone_lt 4.993 5.202 -12.212  0.055 0.425 0.495
box stone_lt 4.993 5.651 -12.372  0.055 0.425 0.815
box stone_lt 4.993 6.1 -12.212  0.055 0.425 0.495
box stone_lt 4.993 6.549 -12.372  0.055 0.425 0.815
box stone_lt 4.993 6.998 -12.212  0.055 0.425 0.495
box stone_lt 4.993 7.447 -12.372  0.055 0.425 0.815
box stone_lt 4.993 7.896 -12.212  0.055 0.425 0.495
lightmap 6
prism stone_lt 5 0 -14  4  6  0.02 3.28  -0.07 3.28  -0.15 3.37  -0.15 3.49  -0.06 3.6  0.02 3.6 axis z miter -1 0 -1 0
box wall_hi 5.6 6.44 -14.6  1.2 6.32 5.2 lm +x 0.5
lightmap 5
prism stone_lt 5 0 -14  4  8  0.02 8.15  -0.1 8.15  -0.1 8.29  -0.22 8.45  -0.22 8.59  -0.4 8.83  -0.4 9  0.02 9 axis z miter -1 0 -1 0
lightmap 4
box granite 4.435 -0.006 -14  0.77 0.048 4

# ── E 쪽 벽 (x 5, 12 … 16)
block 5.5 0.1 14.6  1.4 2.2 5.2
block 5.6 5.4 14.6  1.2 8.4 5.2
lightmap 8
box stone_dk 5.5 -0.04 14.5  1.4 1.92 5.4 lm +x 0.5 lm -y 0.5
lightmap 6
prism stone_lt 5 0 14  4  7  0.02 0.9  -0.2 0.9  -0.2 0.98  -0.13 1.1  -0.05 1.14  -0.05 1.2  0.02 1.2 axis z miter 1 0 1 0
lightmap 8
box stone 5.6 2.1 14.6  1.2 2.4 5.2 lm +x 0.5
lightmap 4
box onyx_teal 5.009 2.63 14  0.042 0.14 4
box stone_lt 4.993 1.483 12.372  0.055 0.481 0.815
box stone_lt 4.993 1.988 12.213  0.055 0.481 0.495
box stone_lt 4.993 2.493 12.372  0.055 0.481 0.815
box stone_lt 4.993 2.998 12.213  0.055 0.481 0.495
box stone_lt 4.993 3.855 12.372  0.055 0.425 0.815
box stone_lt 4.993 4.304 12.213  0.055 0.425 0.495
box stone_lt 4.993 4.753 12.372  0.055 0.425 0.815
box stone_lt 4.993 5.202 12.213  0.055 0.425 0.495
box stone_lt 4.993 5.651 12.372  0.055 0.425 0.815
box stone_lt 4.993 6.1 12.213  0.055 0.425 0.495
box stone_lt 4.993 6.549 12.372  0.055 0.425 0.815
box stone_lt 4.993 6.998 12.213  0.055 0.425 0.495
box stone_lt 4.993 7.447 12.372  0.055 0.425 0.815
box stone_lt 4.993 7.896 12.213  0.055 0.425 0.495
lightmap 6
prism stone_lt 5 0 14  4  6  0.02 3.28  -0.07 3.28  -0.15 3.37  -0.15 3.49  -0.06 3.6  0.02 3.6 axis z miter 1 0 1 0
box wall_hi 5.6 6.44 14.6  1.2 6.32 5.2 lm +x 0.5
lightmap 5
prism stone_lt 5 0 14  4  8  0.02 8.15  -0.1 8.15  -0.1 8.29  -0.22 8.45  -0.22 8.59  -0.4 8.83  -0.4 9  0.02 9 axis z miter 1 0 1 0
lightmap 4
box granite 4.435 -0.006 14  0.77 0.048 4

# ── E 쪽 벽 (x 12, -12 … -5)
block 12.5 0.1 -9.1  1.4 2.2 8.2
block 12.6 2.4 -9.1  1.2 2.4 8.2
lightmap 8
box stone_dk 12.5 -0.04 -9  1.4 1.92 8.4 lm +x 0.5 lm -y 0.5
lightmap 6
prism stone_lt 12 0 -8.5  7  7  0.02 0.9  -0.2 0.9  -0.2 0.98  -0.13 1.1  -0.05 1.14  -0.05 1.2  0.02 1.2 axis z miter -1 0 -1 0
lightmap 8
box stone 12.6 2.1 -9.1  1.2 2.4 8.2 lm +x 0.5
lightmap 4
box onyx_teal 12.009 2.63 -8.5  0.042 0.14 7
lightmap 5
box shaft 12.003 1.92 -8.5  0.034 0.78 2.32
lightmap 4
prism stone_lt 12 0 -8.5  2.5  4  0.02 1.44  -0.045 1.44  -0.045 1.53  0.02 1.53 axis z
prism stone_lt 12 0 -8.5  2.5  4  0.02 2.31  -0.045 2.31  -0.045 2.4  0.02 2.4 axis z
box stone_lt 11.988 1.92 -9.705  0.065 0.78 0.09
box stone_lt 11.988 1.92 -7.295  0.065 0.78 0.09
box stone_lt 11.993 1.483 -5.373  0.055 0.481 0.815
box stone_lt 11.993 1.988 -5.212  0.055 0.481 0.495
box stone_lt 11.993 2.493 -5.373  0.055 0.481 0.815
box stone_lt 11.993 2.998 -5.212  0.055 0.481 0.495
box stone_lt 11.993 3.855 -5.373  0.055 0.425 0.815
box stone_lt 11.993 4.304 -5.212  0.055 0.425 0.495
box stone_lt 11.993 4.753 -5.373  0.055 0.425 0.815
box stone_lt 11.993 5.202 -5.212  0.055 0.425 0.495
box stone_lt 11.993 5.651 -5.373  0.055 0.425 0.815
box stone_lt 11.993 6.1 -5.212  0.055 0.425 0.495
box stone_lt 11.993 6.549 -5.373  0.055 0.425 0.815
box stone_lt 11.993 6.998 -5.212  0.055 0.425 0.495
box stone_lt 11.993 7.447 -5.373  0.055 0.425 0.815
box stone_lt 11.993 7.896 -5.212  0.055 0.425 0.495
lightmap 6
prism stone_lt 12 0 -8.5  7  6  0.02 3.28  -0.07 3.28  -0.15 3.37  -0.15 3.49  -0.06 3.6  0.02 3.6 axis z miter -1 0 -1 0
box wall_hi 12.6 3.45 -9.1  1.2 0.34 8.2 lm +x 0.5
box wall_hi 12.6 5.985 -11.85  1.2 4.77 2.7 lm +x 0.5
box wall_hi 12.6 5.985 -5.75  1.2 4.77 1.5 lm +x 0.5
box wall_hi 12.6 8.975 -9.1  1.2 1.25 8.2 lm +x 0.5
box wall_hi 12.35 5.61 -10.06  0.7 4.02 0.92
box wall_hi 12.35 5.61 -6.94  0.7 4.02 0.92
box wall_hi 12.35 7.995 -8.5  0.7 0.79 4.04
prism wall_hi 12.35 0 0  0.7  5  -9.6 6.8  -8.5 7.6  -8.5 7.64  -9.64 7.64  -9.64 6.8 axis x
prism wall_hi 12.35 0 0  0.7  5  -7.4 6.8  -8.5 7.6  -8.5 7.64  -7.36 7.64  -7.36 6.8 axis x
lightmap 5
prism stone_lt 12.07 0 0  0.3  4  -9.84 3.6  -9.6 3.6  -9.6 6.8  -9.84 6.922 axis x
prism stone_lt 12.07 0 0  0.3  4  -9.6 6.8  -8.5 7.6  -8.5 7.897  -9.84 6.922 axis x
prism stone_lt 12.07 0 0  0.3  4  -7.16 3.6  -7.4 3.6  -7.4 6.8  -7.16 6.922 axis x
prism stone_lt 12.07 0 0  0.3  4  -7.4 6.8  -8.5 7.6  -8.5 7.897  -7.16 6.922 axis x
prism stone_lt 12.575 0 0  0.31  4  -9.6 3.6  -9.5 3.6  -9.5 6.749  -9.6 6.8 axis x
prism stone_lt 12.575 0 0  0.31  4  -9.5 6.749  -8.5 7.476  -8.5 7.6  -9.6 6.8 axis x
prism stone_lt 12.575 0 0  0.31  4  -7.4 3.6  -7.5 3.6  -7.5 6.749  -7.4 6.8 axis x
prism stone_lt 12.575 0 0  0.31  4  -7.5 6.749  -8.5 7.476  -8.5 7.6  -7.4 6.8 axis x
prism stone_lt 12 0 -8.5  2.2  7  0.73 3.6  0.73 3.76  0.42 3.76  0 3.65  -0.16 3.65  -0.16 3.58  0 3.58 axis z
prism onyx_teal 12.03 0 0  0.34  4  -8.63 7.54  -8.37 7.54  -8.29 8.017  -8.71 8.017 axis x
lightmap 2
prism glass_teal 12.615 0 0  0.03  4  -9.53 3.74  -8.5 3.74  -8.5 5.95  -9.53 6.699 axis x
prism glass_amber 12.615 0 0  0.03  4  -8.5 3.74  -7.47 3.74  -7.47 6.699  -8.5 5.95 axis x
prism glass_pale 12.615 0 0  0.03  6  -8.5 5.95  -7.47 6.699  -7.47 6.769  -8.5 7.506  -9.53 6.769  -9.53 6.699 axis x
lightmap 4
prism stone_lt 12.61 0 0  0.18  4  -8.555 3.74  -8.445 3.74  -8.445 5.95  -8.555 5.95 axis x
prism stone_lt 12.61 0 0  0.18  4  -8.5 5.875  -8.5 6.025  -9.589 6.817  -9.589 6.667 axis x
prism stone_lt 12.61 0 0  0.18  4  -8.5 5.875  -8.5 6.025  -7.411 6.817  -7.411 6.667 axis x
box bronze 12.5 5.95 -8.5  0.06 0.2 0.2 rot 0 45 0
lightmap 5
prism stone_lt 12 0 -8.5  7  8  0.02 8.15  -0.1 8.15  -0.1 8.29  -0.22 8.45  -0.22 8.59  -0.4 8.83  -0.4 9  0.02 9 axis z miter -1 0 -1 0
lightmap 6
box stone_dk 11.875 0.63 -10.6  0.29 1.26 1.06
box stone_lt 11.91 4.485 -10.6  0.22 6.57 0.9
lightmap 4
prism stone_lt 12 0 -10.6  1.1  5  0.02 7.73  -0.2 7.73  -0.3 7.95  -0.3 8.17  0.02 8.17 axis z
box onyx_amber 11.8 2.63 -10.6  0.05 0.3 0.3 rot 0 45 0
lightmap 6
box stone_dk 11.875 0.63 -6.4  0.29 1.26 1.06
box stone_lt 11.91 4.485 -6.4  0.22 6.57 0.9
lightmap 4
prism stone_lt 12 0 -6.4  1.1  5  0.02 7.73  -0.2 7.73  -0.3 7.95  -0.3 8.17  0.02 8.17 axis z
box onyx_amber 11.8 2.63 -6.4  0.05 0.3 0.3 rot 0 45 0
box granite 11.435 -0.006 -8.5  0.77 0.048 7

# ── E 쪽 벽 (x 12, 5 … 12)
block 12.5 0.1 9.1  1.4 2.2 8.2
block 12.6 2.4 9.1  1.2 2.4 8.2
lightmap 8
box stone_dk 12.5 -0.04 9  1.4 1.92 8.4 lm +x 0.5 lm -y 0.5
lightmap 6
prism stone_lt 12 0 8.5  7  7  0.02 0.9  -0.2 0.9  -0.2 0.98  -0.13 1.1  -0.05 1.14  -0.05 1.2  0.02 1.2 axis z miter 1 0 1 0
lightmap 8
box stone 12.6 2.1 9.1  1.2 2.4 8.2 lm +x 0.5
lightmap 4
box onyx_teal 12.009 2.63 8.5  0.042 0.14 7
lightmap 5
box shaft 12.003 1.92 8.5  0.034 0.78 2.32
lightmap 4
prism stone_lt 12 0 8.5  2.5  4  0.02 1.44  -0.045 1.44  -0.045 1.53  0.02 1.53 axis z
prism stone_lt 12 0 8.5  2.5  4  0.02 2.31  -0.045 2.31  -0.045 2.4  0.02 2.4 axis z
box stone_lt 11.988 1.92 7.295  0.065 0.78 0.09
box stone_lt 11.988 1.92 9.705  0.065 0.78 0.09
box stone_lt 11.993 1.483 5.373  0.055 0.481 0.815
box stone_lt 11.993 1.988 5.213  0.055 0.481 0.495
box stone_lt 11.993 2.493 5.373  0.055 0.481 0.815
box stone_lt 11.993 2.998 5.213  0.055 0.481 0.495
box stone_lt 11.993 3.855 5.373  0.055 0.425 0.815
box stone_lt 11.993 4.304 5.213  0.055 0.425 0.495
box stone_lt 11.993 4.753 5.373  0.055 0.425 0.815
box stone_lt 11.993 5.202 5.213  0.055 0.425 0.495
box stone_lt 11.993 5.651 5.373  0.055 0.425 0.815
box stone_lt 11.993 6.1 5.213  0.055 0.425 0.495
box stone_lt 11.993 6.549 5.373  0.055 0.425 0.815
box stone_lt 11.993 6.998 5.213  0.055 0.425 0.495
box stone_lt 11.993 7.447 5.373  0.055 0.425 0.815
box stone_lt 11.993 7.896 5.213  0.055 0.425 0.495
lightmap 6
prism stone_lt 12 0 8.5  7  6  0.02 3.28  -0.07 3.28  -0.15 3.37  -0.15 3.49  -0.06 3.6  0.02 3.6 axis z miter 1 0 1 0
box wall_hi 12.6 3.45 9.1  1.2 0.34 8.2 lm +x 0.5
box wall_hi 12.6 5.985 5.75  1.2 4.77 1.5 lm +x 0.5
box wall_hi 12.6 5.985 11.85  1.2 4.77 2.7 lm +x 0.5
box wall_hi 12.6 8.975 9.1  1.2 1.25 8.2 lm +x 0.5
box wall_hi 12.35 5.61 6.94  0.7 4.02 0.92
box wall_hi 12.35 5.61 10.06  0.7 4.02 0.92
box wall_hi 12.35 7.995 8.5  0.7 0.79 4.04
prism wall_hi 12.35 0 0  0.7  5  7.4 6.8  8.5 7.6  8.5 7.64  7.36 7.64  7.36 6.8 axis x
prism wall_hi 12.35 0 0  0.7  5  9.6 6.8  8.5 7.6  8.5 7.64  9.64 7.64  9.64 6.8 axis x
lightmap 5
prism stone_lt 12.07 0 0  0.3  4  7.16 3.6  7.4 3.6  7.4 6.8  7.16 6.922 axis x
prism stone_lt 12.07 0 0  0.3  4  7.4 6.8  8.5 7.6  8.5 7.897  7.16 6.922 axis x
prism stone_lt 12.07 0 0  0.3  4  9.84 3.6  9.6 3.6  9.6 6.8  9.84 6.922 axis x
prism stone_lt 12.07 0 0  0.3  4  9.6 6.8  8.5 7.6  8.5 7.897  9.84 6.922 axis x
prism stone_lt 12.575 0 0  0.31  4  7.4 3.6  7.5 3.6  7.5 6.749  7.4 6.8 axis x
prism stone_lt 12.575 0 0  0.31  4  7.5 6.749  8.5 7.476  8.5 7.6  7.4 6.8 axis x
prism stone_lt 12.575 0 0  0.31  4  9.6 3.6  9.5 3.6  9.5 6.749  9.6 6.8 axis x
prism stone_lt 12.575 0 0  0.31  4  9.5 6.749  8.5 7.476  8.5 7.6  9.6 6.8 axis x
prism stone_lt 12 0 8.5  2.2  7  0.73 3.6  0.73 3.76  0.42 3.76  0 3.65  -0.16 3.65  -0.16 3.58  0 3.58 axis z
prism onyx_teal 12.03 0 0  0.34  4  8.37 7.54  8.63 7.54  8.71 8.017  8.29 8.017 axis x
lightmap 2
prism glass_amber 12.615 0 0  0.03  4  7.47 3.74  8.5 3.74  8.5 5.95  7.47 6.699 axis x
prism glass_teal 12.615 0 0  0.03  4  8.5 3.74  9.53 3.74  9.53 6.699  8.5 5.95 axis x
prism glass_pale 12.615 0 0  0.03  6  8.5 5.95  9.53 6.699  9.53 6.769  8.5 7.506  7.47 6.769  7.47 6.699 axis x
lightmap 4
prism stone_lt 12.61 0 0  0.18  4  8.445 3.74  8.555 3.74  8.555 5.95  8.445 5.95 axis x
prism stone_lt 12.61 0 0  0.18  4  8.5 5.875  8.5 6.025  7.411 6.817  7.411 6.667 axis x
prism stone_lt 12.61 0 0  0.18  4  8.5 5.875  8.5 6.025  9.589 6.817  9.589 6.667 axis x
box bronze 12.5 5.95 8.5  0.06 0.2 0.2 rot 0 45 0
lightmap 5
prism stone_lt 12 0 8.5  7  8  0.02 8.15  -0.1 8.15  -0.1 8.29  -0.22 8.45  -0.22 8.59  -0.4 8.83  -0.4 9  0.02 9 axis z miter 1 0 1 0
lightmap 6
box stone_dk 11.875 0.63 6.4  0.29 1.26 1.06
box stone_lt 11.91 4.485 6.4  0.22 6.57 0.9
lightmap 4
prism stone_lt 12 0 6.4  1.1  5  0.02 7.73  -0.2 7.73  -0.3 7.95  -0.3 8.17  0.02 8.17 axis z
box onyx_amber 11.8 2.63 6.4  0.05 0.3 0.3 rot 0 45 0
lightmap 6
box stone_dk 11.875 0.63 10.6  0.29 1.26 1.06
box stone_lt 11.91 4.485 10.6  0.22 6.57 0.9
lightmap 4
prism stone_lt 12 0 10.6  1.1  5  0.02 7.73  -0.2 7.73  -0.3 7.95  -0.3 8.17  0.02 8.17 axis z
box onyx_amber 11.8 2.63 10.6  0.05 0.3 0.3 rot 0 45 0
box granite 11.435 -0.006 8.5  0.77 0.048 7

# ── E 쪽 벽 (x 16, -5 … 5)
block 16.5 0.1 -4.6  1.4 2.2 3.2
block 16.6 5.4 -4.6  1.2 8.4 3.2
lightmap 8
box stone_dk 16.5 -0.04 -4.6  1.4 1.92 3.2 lm +x 0.5 lm -y 0.5
lightmap 6
prism stone_lt 16 0 -4  2  7  0.02 0.9  -0.2 0.9  -0.2 0.98  -0.13 1.1  -0.05 1.14  -0.05 1.2  0.02 1.2 axis z miter -1 0 0 0
lightmap 8
box stone 16.6 2.1 -4.6  1.2 2.4 3.2 lm +x 0.5
lightmap 4
box onyx_teal 16.009 2.63 -4  0.042 0.14 2
lightmap 6
prism stone_lt 16 0 -4  2  6  0.02 3.28  -0.07 3.28  -0.15 3.37  -0.15 3.49  -0.06 3.6  0.02 3.6 axis z miter -1 0 0 0
box wall_hi 16.6 6.44 -4.6  1.2 6.32 3.2 lm +x 0.5
lightmap 5
prism stone_lt 16 0 -4  2  8  0.02 8.15  -0.1 8.15  -0.1 8.29  -0.22 8.45  -0.22 8.59  -0.4 8.83  -0.4 9  0.02 9 axis z miter -1 0 0 0
lightmap 4
box granite 15.435 -0.006 -4  0.77 0.048 2
block 16.5 0.1 4.6  1.4 2.2 3.2
block 16.6 5.4 4.6  1.2 8.4 3.2
lightmap 8
box stone_dk 16.5 -0.04 4.6  1.4 1.92 3.2 lm +x 0.5 lm -y 0.5
lightmap 6
prism stone_lt 16 0 4  2  7  0.02 0.9  -0.2 0.9  -0.2 0.98  -0.13 1.1  -0.05 1.14  -0.05 1.2  0.02 1.2 axis z miter 0 0 1 0
lightmap 8
box stone 16.6 2.1 4.6  1.2 2.4 3.2 lm +x 0.5
lightmap 4
box onyx_teal 16.009 2.63 4  0.042 0.14 2
lightmap 6
prism stone_lt 16 0 4  2  6  0.02 3.28  -0.07 3.28  -0.15 3.37  -0.15 3.49  -0.06 3.6  0.02 3.6 axis z miter 0 0 1 0
box wall_hi 16.6 6.44 4.6  1.2 6.32 3.2 lm +x 0.5
lightmap 5
prism stone_lt 16 0 4  2  8  0.02 8.15  -0.1 8.15  -0.1 8.29  -0.22 8.45  -0.22 8.59  -0.4 8.83  -0.4 9  0.02 9 axis z miter 0 0 1 0
lightmap 4
box granite 15.435 -0.006 4  0.77 0.048 2
block 16.25 3 -2.6  1.9 6 1.2
block 16.25 3 2.6  1.9 6 1.2
block 17.4 4.3 0  0.8 10.6 6.8
block 16.6 -0.5 0  1.2 1 6.4
lightmap 6
box stone_dk 17.4 4.3 0  0.8 10.6 6.8 lm +x 0.5
box granite 16.6 -0.5 0  1.2 1 6.4 lm -y 0.5
box wall_hi 16.75 7.8 0  0.9 3.6 6.4 lm +x 0.5
prism wall_hi 16.16 0 0  0.32  5  -3.2 6  -3.2 8.04  0 8.04  0 7.7  -2.6 6.4 axis x
prism wall_hi 16.16 0 0  0.32  5  3.2 6  3.2 8.04  0 8.04  0 7.7  2.6 6.4 axis x
box wall_hi 16.16 8.81 0  0.32 1.58 6
lightmap 5
prism stone_lt 16 0 0  6  8  0.02 8.15  -0.1 8.15  -0.1 8.29  -0.22 8.45  -0.22 8.59  -0.4 8.83  -0.4 9  0.02 9 axis z
lightmap 8
box stone_lt 16.25 2.81 -2.6  1.9 5.62 1.2
lightmap 5
box stone_dk 15.64 0.4 -2.6  0.82 0.8 1.34
box bronze 15.655 3.97 -2.6  0.75 0.14 1.24
box onyx_teal 15.659 4.23 -2.6  0.742 0.14 1.224
box stone_lt 16.205 5.8 -2.6  1.99 0.4 1.38
lightmap 8
box stone_lt 16.25 2.81 2.6  1.9 5.62 1.2
lightmap 5
box stone_dk 15.64 0.4 2.6  0.82 0.8 1.34
box bronze 15.655 3.97 2.6  0.75 0.14 1.24
box onyx_teal 15.659 4.23 2.6  0.742 0.14 1.224
box stone_lt 16.205 5.8 2.6  1.99 0.4 1.38
lightmap 6
prism trim_dk 15.78 0 0  1.08  4  -2 6  -1.5 6.263  -1.942 7.104  -3.093 6 axis x
prism stone_lt 15.81 0 0  1.02  4  -1.5 6.263  -1 6.525  -1.442 7.366  -1.942 7.104 axis x
prism trim_dk 15.78 0 0  1.08  4  -1 6.525  -0.5 6.788  -0.942 7.629  -1.442 7.366 axis x
prism stone_lt 15.81 0 0  1.02  4  -0.5 6.788  -0.159 6.966  -0.601 7.807  -0.942 7.629 axis x
prism trim_dk 15.78 0 0  1.08  4  2 6  1.5 6.263  1.942 7.104  3.093 6 axis x
prism stone_lt 15.81 0 0  1.02  4  1.5 6.263  1 6.525  1.442 7.366  1.942 7.104 axis x
prism trim_dk 15.78 0 0  1.08  4  1 6.525  0.5 6.788  0.942 7.629  1.442 7.366 axis x
prism stone_lt 15.81 0 0  1.02  4  0.5 6.788  0.159 6.966  0.601 7.807  0.942 7.629 axis x
prism granite 15.74 0 0  1.16  4  -0.3 6.89  0.3 6.89  0.46 8.14  -0.46 8.14 axis x
lightmap 4
box onyx_teal 15.16 7.53 0  0.05 0.3 0.3 rot 0 45 0
box path 16.1 0.025 0  1.6 0.05 4
box bronze 16 0.063 0  0.24 0.025 3.8

# ── S 쪽 벽 (z 5, -16 … -12)
block -14.6 0.1 5.5  5.2 2.2 1.4
block -14.6 5.4 5.6  5.2 8.4 1.2
lightmap 8
box stone_dk -14.5 -0.04 5.5  5.4 1.92 1.4 lm +z 0.5 lm -y 0.5
lightmap 6
prism stone_lt -14 0 5  4  7  0.02 0.9  -0.2 0.9  -0.2 0.98  -0.13 1.1  -0.05 1.14  -0.05 1.2  0.02 1.2 axis x miter -1 0 -1 0
lightmap 8
box stone -14.6 2.1 5.6  5.2 2.4 1.2 lm +z 0.5
lightmap 4
box onyx_teal -14 2.63 5.009  4 0.14 0.042
box stone_lt -12.212 1.483 4.993  0.495 0.481 0.055
box stone_lt -12.372 1.988 4.993  0.815 0.481 0.055
box stone_lt -12.212 2.493 4.993  0.495 0.481 0.055
box stone_lt -12.372 2.998 4.993  0.815 0.481 0.055
box stone_lt -12.212 3.855 4.993  0.495 0.425 0.055
box stone_lt -12.372 4.304 4.993  0.815 0.425 0.055
box stone_lt -12.212 4.753 4.993  0.495 0.425 0.055
box stone_lt -12.372 5.202 4.993  0.815 0.425 0.055
box stone_lt -12.212 5.651 4.993  0.495 0.425 0.055
box stone_lt -12.372 6.1 4.993  0.815 0.425 0.055
box stone_lt -12.212 6.549 4.993  0.495 0.425 0.055
box stone_lt -12.372 6.998 4.993  0.815 0.425 0.055
box stone_lt -12.212 7.447 4.993  0.495 0.425 0.055
box stone_lt -12.372 7.896 4.993  0.815 0.425 0.055
lightmap 6
prism stone_lt -14 0 5  4  6  0.02 3.28  -0.07 3.28  -0.15 3.37  -0.15 3.49  -0.06 3.6  0.02 3.6 axis x miter -1 0 -1 0
box wall_hi -14.6 6.44 5.6  5.2 6.32 1.2 lm +z 0.5
lightmap 5
prism stone_lt -14 0 5  4  8  0.02 8.15  -0.1 8.15  -0.1 8.29  -0.22 8.45  -0.22 8.59  -0.4 8.83  -0.4 9  0.02 9 axis x miter -1 0 -1 0
lightmap 4
box granite -14 -0.006 4.435  4 0.048 0.77

# ── S 쪽 벽 (z 5, 12 … 16)
block 14.6 0.1 5.5  5.2 2.2 1.4
block 14.6 5.4 5.6  5.2 8.4 1.2
lightmap 8
box stone_dk 14.5 -0.04 5.5  5.4 1.92 1.4 lm +z 0.5 lm -y 0.5
lightmap 6
prism stone_lt 14 0 5  4  7  0.02 0.9  -0.2 0.9  -0.2 0.98  -0.13 1.1  -0.05 1.14  -0.05 1.2  0.02 1.2 axis x miter 1 0 1 0
lightmap 8
box stone 14.6 2.1 5.6  5.2 2.4 1.2 lm +z 0.5
lightmap 4
box onyx_teal 14 2.63 5.009  4 0.14 0.042
box stone_lt 12.213 1.483 4.993  0.495 0.481 0.055
box stone_lt 12.372 1.988 4.993  0.815 0.481 0.055
box stone_lt 12.213 2.493 4.993  0.495 0.481 0.055
box stone_lt 12.372 2.998 4.993  0.815 0.481 0.055
box stone_lt 12.213 3.855 4.993  0.495 0.425 0.055
box stone_lt 12.372 4.304 4.993  0.815 0.425 0.055
box stone_lt 12.213 4.753 4.993  0.495 0.425 0.055
box stone_lt 12.372 5.202 4.993  0.815 0.425 0.055
box stone_lt 12.213 5.651 4.993  0.495 0.425 0.055
box stone_lt 12.372 6.1 4.993  0.815 0.425 0.055
box stone_lt 12.213 6.549 4.993  0.495 0.425 0.055
box stone_lt 12.372 6.998 4.993  0.815 0.425 0.055
box stone_lt 12.213 7.447 4.993  0.495 0.425 0.055
box stone_lt 12.372 7.896 4.993  0.815 0.425 0.055
lightmap 6
prism stone_lt 14 0 5  4  6  0.02 3.28  -0.07 3.28  -0.15 3.37  -0.15 3.49  -0.06 3.6  0.02 3.6 axis x miter 1 0 1 0
box wall_hi 14.6 6.44 5.6  5.2 6.32 1.2 lm +z 0.5
lightmap 5
prism stone_lt 14 0 5  4  8  0.02 8.15  -0.1 8.15  -0.1 8.29  -0.22 8.45  -0.22 8.59  -0.4 8.83  -0.4 9  0.02 9 axis x miter 1 0 1 0
lightmap 4
box granite 14 -0.006 4.435  4 0.048 0.77

# ── S 쪽 벽 (z 12, -12 … -5)
block -9.1 0.1 12.5  8.2 2.2 1.4
block -9.1 2.4 12.6  8.2 2.4 1.2
lightmap 8
box stone_dk -9 -0.04 12.5  8.4 1.92 1.4 lm +z 0.5 lm -y 0.5
lightmap 6
prism stone_lt -8.5 0 12  7  7  0.02 0.9  -0.2 0.9  -0.2 0.98  -0.13 1.1  -0.05 1.14  -0.05 1.2  0.02 1.2 axis x miter -1 0 -1 0
lightmap 8
box stone -9.1 2.1 12.6  8.2 2.4 1.2 lm +z 0.5
lightmap 4
box onyx_teal -8.5 2.63 12.009  7 0.14 0.042
lightmap 5
box shaft -8.5 1.92 12.003  2.32 0.78 0.034
lightmap 4
prism stone_lt -8.5 0 12  2.5  4  0.02 1.44  -0.045 1.44  -0.045 1.53  0.02 1.53 axis x
prism stone_lt -8.5 0 12  2.5  4  0.02 2.31  -0.045 2.31  -0.045 2.4  0.02 2.4 axis x
box stone_lt -9.705 1.92 11.988  0.09 0.78 0.065
box stone_lt -7.295 1.92 11.988  0.09 0.78 0.065
box stone_lt -5.212 1.483 11.993  0.495 0.481 0.055
box stone_lt -5.373 1.988 11.993  0.815 0.481 0.055
box stone_lt -5.212 2.493 11.993  0.495 0.481 0.055
box stone_lt -5.373 2.998 11.993  0.815 0.481 0.055
box stone_lt -5.212 3.855 11.993  0.495 0.425 0.055
box stone_lt -5.373 4.304 11.993  0.815 0.425 0.055
box stone_lt -5.212 4.753 11.993  0.495 0.425 0.055
box stone_lt -5.373 5.202 11.993  0.815 0.425 0.055
box stone_lt -5.212 5.651 11.993  0.495 0.425 0.055
box stone_lt -5.373 6.1 11.993  0.815 0.425 0.055
box stone_lt -5.212 6.549 11.993  0.495 0.425 0.055
box stone_lt -5.373 6.998 11.993  0.815 0.425 0.055
box stone_lt -5.212 7.447 11.993  0.495 0.425 0.055
box stone_lt -5.373 7.896 11.993  0.815 0.425 0.055
lightmap 6
prism stone_lt -8.5 0 12  7  6  0.02 3.28  -0.07 3.28  -0.15 3.37  -0.15 3.49  -0.06 3.6  0.02 3.6 axis x miter -1 0 -1 0
box wall_hi -9.1 3.45 12.6  8.2 0.34 1.2 lm +z 0.5
box wall_hi -11.85 5.985 12.6  2.7 4.77 1.2 lm +z 0.5
box wall_hi -5.75 5.985 12.6  1.5 4.77 1.2 lm +z 0.5
box wall_hi -9.1 8.975 12.6  8.2 1.25 1.2 lm +z 0.5
box wall_hi -10.06 5.61 12.35  0.92 4.02 0.7
box wall_hi -6.94 5.61 12.35  0.92 4.02 0.7
box wall_hi -8.5 7.995 12.35  4.04 0.79 0.7
prism wall_hi 0 0 12.35  0.7  5  -9.6 6.8  -8.5 7.6  -8.5 7.64  -9.64 7.64  -9.64 6.8 axis z
prism wall_hi 0 0 12.35  0.7  5  -7.4 6.8  -8.5 7.6  -8.5 7.64  -7.36 7.64  -7.36 6.8 axis z
lightmap 5
prism stone_lt 0 0 12.07  0.3  4  -9.84 3.6  -9.6 3.6  -9.6 6.8  -9.84 6.922 axis z
prism stone_lt 0 0 12.07  0.3  4  -9.6 6.8  -8.5 7.6  -8.5 7.897  -9.84 6.922 axis z
prism stone_lt 0 0 12.07  0.3  4  -7.16 3.6  -7.4 3.6  -7.4 6.8  -7.16 6.922 axis z
prism stone_lt 0 0 12.07  0.3  4  -7.4 6.8  -8.5 7.6  -8.5 7.897  -7.16 6.922 axis z
prism stone_lt 0 0 12.575  0.31  4  -9.6 3.6  -9.5 3.6  -9.5 6.749  -9.6 6.8 axis z
prism stone_lt 0 0 12.575  0.31  4  -9.5 6.749  -8.5 7.476  -8.5 7.6  -9.6 6.8 axis z
prism stone_lt 0 0 12.575  0.31  4  -7.4 3.6  -7.5 3.6  -7.5 6.749  -7.4 6.8 axis z
prism stone_lt 0 0 12.575  0.31  4  -7.5 6.749  -8.5 7.476  -8.5 7.6  -7.4 6.8 axis z
prism stone_lt -8.5 0 12  2.2  7  0.73 3.6  0.73 3.76  0.42 3.76  0 3.65  -0.16 3.65  -0.16 3.58  0 3.58 axis x
prism onyx_teal 0 0 12.03  0.34  4  -8.63 7.54  -8.37 7.54  -8.29 8.017  -8.71 8.017 axis z
lightmap 2
prism glass_teal 0 0 12.615  0.03  4  -9.53 3.74  -8.5 3.74  -8.5 5.95  -9.53 6.699 axis z
prism glass_pale 0 0 12.615  0.03  4  -8.5 3.74  -7.47 3.74  -7.47 6.699  -8.5 5.95 axis z
prism glass_amber 0 0 12.615  0.03  6  -8.5 5.95  -7.47 6.699  -7.47 6.769  -8.5 7.506  -9.53 6.769  -9.53 6.699 axis z
lightmap 4
prism stone_lt 0 0 12.61  0.18  4  -8.555 3.74  -8.445 3.74  -8.445 5.95  -8.555 5.95 axis z
prism stone_lt 0 0 12.61  0.18  4  -8.5 5.875  -8.5 6.025  -9.589 6.817  -9.589 6.667 axis z
prism stone_lt 0 0 12.61  0.18  4  -8.5 5.875  -8.5 6.025  -7.411 6.817  -7.411 6.667 axis z
box bronze -8.5 5.95 12.5  0.2 0.2 0.06 rot 0 0 45
lightmap 5
prism stone_lt -8.5 0 12  7  8  0.02 8.15  -0.1 8.15  -0.1 8.29  -0.22 8.45  -0.22 8.59  -0.4 8.83  -0.4 9  0.02 9 axis x miter -1 0 -1 0
lightmap 6
box stone_dk -10.6 0.63 11.875  1.06 1.26 0.29
box stone_lt -10.6 4.485 11.91  0.9 6.57 0.22
lightmap 4
prism stone_lt -10.6 0 12  1.1  5  0.02 7.73  -0.2 7.73  -0.3 7.95  -0.3 8.17  0.02 8.17 axis x
box onyx_amber -10.6 2.63 11.8  0.3 0.3 0.05 rot 0 0 45
lightmap 6
box stone_dk -6.4 0.63 11.875  1.06 1.26 0.29
box stone_lt -6.4 4.485 11.91  0.9 6.57 0.22
lightmap 4
prism stone_lt -6.4 0 12  1.1  5  0.02 7.73  -0.2 7.73  -0.3 7.95  -0.3 8.17  0.02 8.17 axis x
box onyx_amber -6.4 2.63 11.8  0.3 0.3 0.05 rot 0 0 45
box granite -8.5 -0.006 11.435  7 0.048 0.77

# ── S 쪽 벽 (z 12, 5 … 12)
block 9.1 0.1 12.5  8.2 2.2 1.4
block 9.1 2.4 12.6  8.2 2.4 1.2
lightmap 8
box stone_dk 9 -0.04 12.5  8.4 1.92 1.4 lm +z 0.5 lm -y 0.5
lightmap 6
prism stone_lt 8.5 0 12  7  7  0.02 0.9  -0.2 0.9  -0.2 0.98  -0.13 1.1  -0.05 1.14  -0.05 1.2  0.02 1.2 axis x miter 1 0 1 0
lightmap 8
box stone 9.1 2.1 12.6  8.2 2.4 1.2 lm +z 0.5
lightmap 4
box onyx_teal 8.5 2.63 12.009  7 0.14 0.042
lightmap 5
box shaft 8.5 1.92 12.003  2.32 0.78 0.034
lightmap 4
prism stone_lt 8.5 0 12  2.5  4  0.02 1.44  -0.045 1.44  -0.045 1.53  0.02 1.53 axis x
prism stone_lt 8.5 0 12  2.5  4  0.02 2.31  -0.045 2.31  -0.045 2.4  0.02 2.4 axis x
box stone_lt 7.295 1.92 11.988  0.09 0.78 0.065
box stone_lt 9.705 1.92 11.988  0.09 0.78 0.065
box stone_lt 5.213 1.483 11.993  0.495 0.481 0.055
box stone_lt 5.373 1.988 11.993  0.815 0.481 0.055
box stone_lt 5.213 2.493 11.993  0.495 0.481 0.055
box stone_lt 5.373 2.998 11.993  0.815 0.481 0.055
box stone_lt 5.213 3.855 11.993  0.495 0.425 0.055
box stone_lt 5.373 4.304 11.993  0.815 0.425 0.055
box stone_lt 5.213 4.753 11.993  0.495 0.425 0.055
box stone_lt 5.373 5.202 11.993  0.815 0.425 0.055
box stone_lt 5.213 5.651 11.993  0.495 0.425 0.055
box stone_lt 5.373 6.1 11.993  0.815 0.425 0.055
box stone_lt 5.213 6.549 11.993  0.495 0.425 0.055
box stone_lt 5.373 6.998 11.993  0.815 0.425 0.055
box stone_lt 5.213 7.447 11.993  0.495 0.425 0.055
box stone_lt 5.373 7.896 11.993  0.815 0.425 0.055
lightmap 6
prism stone_lt 8.5 0 12  7  6  0.02 3.28  -0.07 3.28  -0.15 3.37  -0.15 3.49  -0.06 3.6  0.02 3.6 axis x miter 1 0 1 0
box wall_hi 9.1 3.45 12.6  8.2 0.34 1.2 lm +z 0.5
box wall_hi 5.75 5.985 12.6  1.5 4.77 1.2 lm +z 0.5
box wall_hi 11.85 5.985 12.6  2.7 4.77 1.2 lm +z 0.5
box wall_hi 9.1 8.975 12.6  8.2 1.25 1.2 lm +z 0.5
box wall_hi 6.94 5.61 12.35  0.92 4.02 0.7
box wall_hi 10.06 5.61 12.35  0.92 4.02 0.7
box wall_hi 8.5 7.995 12.35  4.04 0.79 0.7
prism wall_hi 0 0 12.35  0.7  5  7.4 6.8  8.5 7.6  8.5 7.64  7.36 7.64  7.36 6.8 axis z
prism wall_hi 0 0 12.35  0.7  5  9.6 6.8  8.5 7.6  8.5 7.64  9.64 7.64  9.64 6.8 axis z
lightmap 5
prism stone_lt 0 0 12.07  0.3  4  7.16 3.6  7.4 3.6  7.4 6.8  7.16 6.922 axis z
prism stone_lt 0 0 12.07  0.3  4  7.4 6.8  8.5 7.6  8.5 7.897  7.16 6.922 axis z
prism stone_lt 0 0 12.07  0.3  4  9.84 3.6  9.6 3.6  9.6 6.8  9.84 6.922 axis z
prism stone_lt 0 0 12.07  0.3  4  9.6 6.8  8.5 7.6  8.5 7.897  9.84 6.922 axis z
prism stone_lt 0 0 12.575  0.31  4  7.4 3.6  7.5 3.6  7.5 6.749  7.4 6.8 axis z
prism stone_lt 0 0 12.575  0.31  4  7.5 6.749  8.5 7.476  8.5 7.6  7.4 6.8 axis z
prism stone_lt 0 0 12.575  0.31  4  9.6 3.6  9.5 3.6  9.5 6.749  9.6 6.8 axis z
prism stone_lt 0 0 12.575  0.31  4  9.5 6.749  8.5 7.476  8.5 7.6  9.6 6.8 axis z
prism stone_lt 8.5 0 12  2.2  7  0.73 3.6  0.73 3.76  0.42 3.76  0 3.65  -0.16 3.65  -0.16 3.58  0 3.58 axis x
prism onyx_teal 0 0 12.03  0.34  4  8.37 7.54  8.63 7.54  8.71 8.017  8.29 8.017 axis z
lightmap 2
prism glass_pale 0 0 12.615  0.03  4  7.47 3.74  8.5 3.74  8.5 5.95  7.47 6.699 axis z
prism glass_teal 0 0 12.615  0.03  4  8.5 3.74  9.53 3.74  9.53 6.699  8.5 5.95 axis z
prism glass_amber 0 0 12.615  0.03  6  8.5 5.95  9.53 6.699  9.53 6.769  8.5 7.506  7.47 6.769  7.47 6.699 axis z
lightmap 4
prism stone_lt 0 0 12.61  0.18  4  8.445 3.74  8.555 3.74  8.555 5.95  8.445 5.95 axis z
prism stone_lt 0 0 12.61  0.18  4  8.5 5.875  8.5 6.025  7.411 6.817  7.411 6.667 axis z
prism stone_lt 0 0 12.61  0.18  4  8.5 5.875  8.5 6.025  9.589 6.817  9.589 6.667 axis z
box bronze 8.5 5.95 12.5  0.2 0.2 0.06 rot 0 0 45
lightmap 5
prism stone_lt 8.5 0 12  7  8  0.02 8.15  -0.1 8.15  -0.1 8.29  -0.22 8.45  -0.22 8.59  -0.4 8.83  -0.4 9  0.02 9 axis x miter 1 0 1 0
lightmap 6
box stone_dk 6.4 0.63 11.875  1.06 1.26 0.29
box stone_lt 6.4 4.485 11.91  0.9 6.57 0.22
lightmap 4
prism stone_lt 6.4 0 12  1.1  5  0.02 7.73  -0.2 7.73  -0.3 7.95  -0.3 8.17  0.02 8.17 axis x
box onyx_amber 6.4 2.63 11.8  0.3 0.3 0.05 rot 0 0 45
lightmap 6
box stone_dk 10.6 0.63 11.875  1.06 1.26 0.29
box stone_lt 10.6 4.485 11.91  0.9 6.57 0.22
lightmap 4
prism stone_lt 10.6 0 12  1.1  5  0.02 7.73  -0.2 7.73  -0.3 7.95  -0.3 8.17  0.02 8.17 axis x
box onyx_amber 10.6 2.63 11.8  0.3 0.3 0.05 rot 0 0 45
box granite 8.5 -0.006 11.435  7 0.048 0.77

# ── S 쪽 벽 (z 16, -5 … 5)
block -4.6 0.1 16.5  3.2 2.2 1.4
block -4.6 5.4 16.6  3.2 8.4 1.2
lightmap 8
box stone_dk -4.6 -0.04 16.5  3.2 1.92 1.4 lm +z 0.5 lm -y 0.5
lightmap 6
prism stone_lt -4 0 16  2  7  0.02 0.9  -0.2 0.9  -0.2 0.98  -0.13 1.1  -0.05 1.14  -0.05 1.2  0.02 1.2 axis x miter -1 0 0 0
lightmap 8
box stone -4.6 2.1 16.6  3.2 2.4 1.2 lm +z 0.5
lightmap 4
box onyx_teal -4 2.63 16.009  2 0.14 0.042
lightmap 6
prism stone_lt -4 0 16  2  6  0.02 3.28  -0.07 3.28  -0.15 3.37  -0.15 3.49  -0.06 3.6  0.02 3.6 axis x miter -1 0 0 0
box wall_hi -4.6 6.44 16.6  3.2 6.32 1.2 lm +z 0.5
lightmap 5
prism stone_lt -4 0 16  2  8  0.02 8.15  -0.1 8.15  -0.1 8.29  -0.22 8.45  -0.22 8.59  -0.4 8.83  -0.4 9  0.02 9 axis x miter -1 0 0 0
lightmap 4
box granite -4 -0.006 15.435  2 0.048 0.77
block 4.6 0.1 16.5  3.2 2.2 1.4
block 4.6 5.4 16.6  3.2 8.4 1.2
lightmap 8
box stone_dk 4.6 -0.04 16.5  3.2 1.92 1.4 lm +z 0.5 lm -y 0.5
lightmap 6
prism stone_lt 4 0 16  2  7  0.02 0.9  -0.2 0.9  -0.2 0.98  -0.13 1.1  -0.05 1.14  -0.05 1.2  0.02 1.2 axis x miter 0 0 1 0
lightmap 8
box stone 4.6 2.1 16.6  3.2 2.4 1.2 lm +z 0.5
lightmap 4
box onyx_teal 4 2.63 16.009  2 0.14 0.042
lightmap 6
prism stone_lt 4 0 16  2  6  0.02 3.28  -0.07 3.28  -0.15 3.37  -0.15 3.49  -0.06 3.6  0.02 3.6 axis x miter 0 0 1 0
box wall_hi 4.6 6.44 16.6  3.2 6.32 1.2 lm +z 0.5
lightmap 5
prism stone_lt 4 0 16  2  8  0.02 8.15  -0.1 8.15  -0.1 8.29  -0.22 8.45  -0.22 8.59  -0.4 8.83  -0.4 9  0.02 9 axis x miter 0 0 1 0
lightmap 4
box granite 4 -0.006 15.435  2 0.048 0.77
block -2.6 3 16.25  1.2 6 1.9
block 2.6 3 16.25  1.2 6 1.9
block 0 4.3 17.4  6.8 10.6 0.8
block 0 -0.5 16.6  6.4 1 1.2
lightmap 6
box stone_dk 0 4.3 17.4  6.8 10.6 0.8 lm +z 0.5
box granite 0 -0.5 16.6  6.4 1 1.2 lm -y 0.5
box wall_hi 0 7.8 16.75  6.4 3.6 0.9 lm +z 0.5
prism wall_hi 0 0 16.16  0.32  5  -3.2 6  -3.2 8.04  0 8.04  0 7.7  -2.6 6.4 axis z
prism wall_hi 0 0 16.16  0.32  5  3.2 6  3.2 8.04  0 8.04  0 7.7  2.6 6.4 axis z
box wall_hi 0 8.81 16.16  6 1.58 0.32
lightmap 5
prism stone_lt 0 0 16  6  8  0.02 8.15  -0.1 8.15  -0.1 8.29  -0.22 8.45  -0.22 8.59  -0.4 8.83  -0.4 9  0.02 9 axis x
lightmap 8
box stone_lt -2.6 2.81 16.25  1.2 5.62 1.9
lightmap 5
box stone_dk -2.6 0.4 15.64  1.34 0.8 0.82
box bronze -2.6 3.97 15.655  1.24 0.14 0.75
box onyx_teal -2.6 4.23 15.659  1.224 0.14 0.742
box stone_lt -2.6 5.8 16.205  1.38 0.4 1.99
lightmap 8
box stone_lt 2.6 2.81 16.25  1.2 5.62 1.9
lightmap 5
box stone_dk 2.6 0.4 15.64  1.34 0.8 0.82
box bronze 2.6 3.97 15.655  1.24 0.14 0.75
box onyx_teal 2.6 4.23 15.659  1.224 0.14 0.742
box stone_lt 2.6 5.8 16.205  1.38 0.4 1.99
lightmap 6
prism trim_dk 0 0 15.78  1.08  4  -2 6  -1.5 6.263  -1.942 7.104  -3.093 6 axis z
prism stone_lt 0 0 15.81  1.02  4  -1.5 6.263  -1 6.525  -1.442 7.366  -1.942 7.104 axis z
prism trim_dk 0 0 15.78  1.08  4  -1 6.525  -0.5 6.788  -0.942 7.629  -1.442 7.366 axis z
prism stone_lt 0 0 15.81  1.02  4  -0.5 6.788  -0.159 6.966  -0.601 7.807  -0.942 7.629 axis z
prism trim_dk 0 0 15.78  1.08  4  2 6  1.5 6.263  1.942 7.104  3.093 6 axis z
prism stone_lt 0 0 15.81  1.02  4  1.5 6.263  1 6.525  1.442 7.366  1.942 7.104 axis z
prism trim_dk 0 0 15.78  1.08  4  1 6.525  0.5 6.788  0.942 7.629  1.442 7.366 axis z
prism stone_lt 0 0 15.81  1.02  4  0.5 6.788  0.159 6.966  0.601 7.807  0.942 7.629 axis z
prism granite 0 0 15.74  1.16  4  -0.3 6.89  0.3 6.89  0.46 8.14  -0.46 8.14 axis z
lightmap 4
box onyx_teal 0 7.53 15.16  0.3 0.3 0.05 rot 0 0 45
box path 0 0.025 16.1  4 0.05 1.6
box bronze 0 0.063 16  3.8 0.025 0.24

# ── W 쪽 벽 (x -16, -5 … 5)
block -16.5 0.1 -4.6  1.4 2.2 3.2
block -16.6 5.4 -4.6  1.2 8.4 3.2
lightmap 8
box stone_dk -16.5 -0.04 -4.6  1.4 1.92 3.2 lm -x 0.5 lm -y 0.5
lightmap 6
prism stone_lt -16 0 -4  2  7  -0.02 0.9  0.2 0.9  0.2 0.98  0.13 1.1  0.05 1.14  0.05 1.2  -0.02 1.2 axis z miter 1 0 0 0
lightmap 8
box stone -16.6 2.1 -4.6  1.2 2.4 3.2 lm -x 0.5
lightmap 4
box onyx_teal -16.009 2.63 -4  0.042 0.14 2
lightmap 6
prism stone_lt -16 0 -4  2  6  -0.02 3.28  0.07 3.28  0.15 3.37  0.15 3.49  0.06 3.6  -0.02 3.6 axis z miter 1 0 0 0
box wall_hi -16.6 6.44 -4.6  1.2 6.32 3.2 lm -x 0.5
lightmap 5
prism stone_lt -16 0 -4  2  8  -0.02 8.15  0.1 8.15  0.1 8.29  0.22 8.45  0.22 8.59  0.4 8.83  0.4 9  -0.02 9 axis z miter 1 0 0 0
lightmap 4
box granite -15.435 -0.006 -4  0.77 0.048 2
block -16.5 0.1 4.6  1.4 2.2 3.2
block -16.6 5.4 4.6  1.2 8.4 3.2
lightmap 8
box stone_dk -16.5 -0.04 4.6  1.4 1.92 3.2 lm -x 0.5 lm -y 0.5
lightmap 6
prism stone_lt -16 0 4  2  7  -0.02 0.9  0.2 0.9  0.2 0.98  0.13 1.1  0.05 1.14  0.05 1.2  -0.02 1.2 axis z miter 0 0 -1 0
lightmap 8
box stone -16.6 2.1 4.6  1.2 2.4 3.2 lm -x 0.5
lightmap 4
box onyx_teal -16.009 2.63 4  0.042 0.14 2
lightmap 6
prism stone_lt -16 0 4  2  6  -0.02 3.28  0.07 3.28  0.15 3.37  0.15 3.49  0.06 3.6  -0.02 3.6 axis z miter 0 0 -1 0
box wall_hi -16.6 6.44 4.6  1.2 6.32 3.2 lm -x 0.5
lightmap 5
prism stone_lt -16 0 4  2  8  -0.02 8.15  0.1 8.15  0.1 8.29  0.22 8.45  0.22 8.59  0.4 8.83  0.4 9  -0.02 9 axis z miter 0 0 -1 0
lightmap 4
box granite -15.435 -0.006 4  0.77 0.048 2
block -16.25 3 -2.6  1.9 6 1.2
block -16.25 3 2.6  1.9 6 1.2
block -17.4 4.3 0  0.8 10.6 6.8
block -16.6 -0.5 0  1.2 1 6.4
lightmap 6
box stone_dk -17.4 4.3 0  0.8 10.6 6.8 lm -x 0.5
box granite -16.6 -0.5 0  1.2 1 6.4 lm -y 0.5
box wall_hi -16.75 7.8 0  0.9 3.6 6.4 lm -x 0.5
prism wall_hi -16.16 0 0  0.32  5  -3.2 6  -3.2 8.04  0 8.04  0 7.7  -2.6 6.4 axis x
prism wall_hi -16.16 0 0  0.32  5  3.2 6  3.2 8.04  0 8.04  0 7.7  2.6 6.4 axis x
box wall_hi -16.16 8.81 0  0.32 1.58 6
lightmap 5
prism stone_lt -16 0 0  6  8  -0.02 8.15  0.1 8.15  0.1 8.29  0.22 8.45  0.22 8.59  0.4 8.83  0.4 9  -0.02 9 axis z
lightmap 8
box stone_lt -16.25 2.81 -2.6  1.9 5.62 1.2
lightmap 5
box stone_dk -15.64 0.4 -2.6  0.82 0.8 1.34
box bronze -15.655 3.97 -2.6  0.75 0.14 1.24
box onyx_teal -15.659 4.23 -2.6  0.742 0.14 1.224
box stone_lt -16.205 5.8 -2.6  1.99 0.4 1.38
lightmap 8
box stone_lt -16.25 2.81 2.6  1.9 5.62 1.2
lightmap 5
box stone_dk -15.64 0.4 2.6  0.82 0.8 1.34
box bronze -15.655 3.97 2.6  0.75 0.14 1.24
box onyx_teal -15.659 4.23 2.6  0.742 0.14 1.224
box stone_lt -16.205 5.8 2.6  1.99 0.4 1.38
lightmap 6
prism trim_dk -15.78 0 0  1.08  4  -2 6  -1.5 6.263  -1.942 7.104  -3.093 6 axis x
prism stone_lt -15.81 0 0  1.02  4  -1.5 6.263  -1 6.525  -1.442 7.366  -1.942 7.104 axis x
prism trim_dk -15.78 0 0  1.08  4  -1 6.525  -0.5 6.788  -0.942 7.629  -1.442 7.366 axis x
prism stone_lt -15.81 0 0  1.02  4  -0.5 6.788  -0.159 6.966  -0.601 7.807  -0.942 7.629 axis x
prism trim_dk -15.78 0 0  1.08  4  2 6  1.5 6.263  1.942 7.104  3.093 6 axis x
prism stone_lt -15.81 0 0  1.02  4  1.5 6.263  1 6.525  1.442 7.366  1.942 7.104 axis x
prism trim_dk -15.78 0 0  1.08  4  1 6.525  0.5 6.788  0.942 7.629  1.442 7.366 axis x
prism stone_lt -15.81 0 0  1.02  4  0.5 6.788  0.159 6.966  0.601 7.807  0.942 7.629 axis x
prism granite -15.74 0 0  1.16  4  -0.3 6.89  0.3 6.89  0.46 8.14  -0.46 8.14 axis x
lightmap 4
box onyx_teal -15.16 7.53 0  0.05 0.3 0.3 rot 0 45 0
box path -16.1 0.025 0  1.6 0.05 4
box bronze -16 0.063 0  0.24 0.025 3.8

# ── W 쪽 벽 (x -12, -12 … -5)
block -12.5 0.1 -9.1  1.4 2.2 8.2
block -12.6 2.4 -9.1  1.2 2.4 8.2
lightmap 8
box stone_dk -12.5 -0.04 -9  1.4 1.92 8.4 lm -x 0.5 lm -y 0.5
lightmap 6
prism stone_lt -12 0 -8.5  7  7  -0.02 0.9  0.2 0.9  0.2 0.98  0.13 1.1  0.05 1.14  0.05 1.2  -0.02 1.2 axis z miter 1 0 1 0
lightmap 8
box stone -12.6 2.1 -9.1  1.2 2.4 8.2 lm -x 0.5
lightmap 4
box onyx_teal -12.009 2.63 -8.5  0.042 0.14 7
lightmap 5
box shaft -12.003 1.92 -8.5  0.034 0.78 2.32
lightmap 4
prism stone_lt -12 0 -8.5  2.5  4  -0.02 1.44  0.045 1.44  0.045 1.53  -0.02 1.53 axis z
prism stone_lt -12 0 -8.5  2.5  4  -0.02 2.31  0.045 2.31  0.045 2.4  -0.02 2.4 axis z
box stone_lt -11.987 1.92 -9.705  0.065 0.78 0.09
box stone_lt -11.987 1.92 -7.295  0.065 0.78 0.09
box stone_lt -11.992 1.483 -5.373  0.055 0.481 0.815
box stone_lt -11.992 1.988 -5.212  0.055 0.481 0.495
box stone_lt -11.992 2.493 -5.373  0.055 0.481 0.815
box stone_lt -11.992 2.998 -5.212  0.055 0.481 0.495
box stone_lt -11.992 3.855 -5.373  0.055 0.425 0.815
box stone_lt -11.992 4.304 -5.212  0.055 0.425 0.495
box stone_lt -11.992 4.753 -5.373  0.055 0.425 0.815
box stone_lt -11.992 5.202 -5.212  0.055 0.425 0.495
box stone_lt -11.992 5.651 -5.373  0.055 0.425 0.815
box stone_lt -11.992 6.1 -5.212  0.055 0.425 0.495
box stone_lt -11.992 6.549 -5.373  0.055 0.425 0.815
box stone_lt -11.992 6.998 -5.212  0.055 0.425 0.495
box stone_lt -11.992 7.447 -5.373  0.055 0.425 0.815
box stone_lt -11.992 7.896 -5.212  0.055 0.425 0.495
lightmap 6
prism stone_lt -12 0 -8.5  7  6  -0.02 3.28  0.07 3.28  0.15 3.37  0.15 3.49  0.06 3.6  -0.02 3.6 axis z miter 1 0 1 0
box wall_hi -12.6 3.45 -9.1  1.2 0.34 8.2 lm -x 0.5
box wall_hi -12.6 5.985 -11.625  1.2 4.77 3.15 lm -x 0.5
box wall_hi -12.6 5.985 -5.975  1.2 4.77 1.95 lm -x 0.5
box wall_hi -12.6 8.975 -9.1  1.2 1.25 8.2 lm -x 0.5
box wall_hi -12.35 5.61 -9.61  0.7 4.02 0.92
box wall_hi -12.35 5.61 -7.39  0.7 4.02 0.92
box wall_hi -12.35 7.995 -8.5  0.7 0.79 3.14
prism wall_hi -12.35 0 0  0.7  5  -9.15 6.8  -8.5 7.6  -8.5 7.64  -9.19 7.64  -9.19 6.8 axis x
prism wall_hi -12.35 0 0  0.7  5  -7.85 6.8  -8.5 7.6  -8.5 7.64  -7.81 7.64  -7.81 6.8 axis x
lightmap 5
prism stone_lt -12.07 0 0  0.3  4  -9.39 3.6  -9.15 3.6  -9.15 6.8  -9.39 6.885 axis x
prism stone_lt -12.07 0 0  0.3  4  -9.15 6.8  -8.5 7.6  -8.5 7.981  -9.39 6.885 axis x
prism stone_lt -12.07 0 0  0.3  4  -7.61 3.6  -7.85 3.6  -7.85 6.8  -7.61 6.885 axis x
prism stone_lt -12.07 0 0  0.3  4  -7.85 6.8  -8.5 7.6  -8.5 7.981  -7.61 6.885 axis x
prism stone_lt -12.575 0 0  0.31  4  -9.15 3.6  -9.05 3.6  -9.05 6.764  -9.15 6.8 axis x
prism stone_lt -12.575 0 0  0.31  4  -9.05 6.764  -8.5 7.441  -8.5 7.6  -9.15 6.8 axis x
prism stone_lt -12.575 0 0  0.31  4  -7.85 3.6  -7.95 3.6  -7.95 6.764  -7.85 6.8 axis x
prism stone_lt -12.575 0 0  0.31  4  -7.95 6.764  -8.5 7.441  -8.5 7.6  -7.85 6.8 axis x
prism stone_lt -12 0 -8.5  1.3  7  -0.73 3.6  -0.73 3.76  -0.42 3.76  0 3.65  0.16 3.65  0.16 3.58  0 3.58 axis z
prism granite -12.03 0 0  0.34  4  -8.63 7.54  -8.37 7.54  -8.29 8.101  -8.71 8.101 axis x
lightmap 4
box bronze -12.6 4.9 -8.5  0.08 0.08 1.14
box bronze -12.6 6.1 -8.5  0.08 0.08 1.14
lightmap 5
prism stone_lt -12 0 -8.5  7  8  -0.02 8.15  0.1 8.15  0.1 8.29  0.22 8.45  0.22 8.59  0.4 8.83  0.4 9  -0.02 9 axis z miter 1 0 1 0
lightmap 6
box stone_dk -11.875 0.63 -10.6  0.29 1.26 1.06
box stone_lt -11.91 4.485 -10.6  0.22 6.57 0.9
lightmap 4
prism stone_lt -12 0 -10.6  1.1  5  -0.02 7.73  0.2 7.73  0.3 7.95  0.3 8.17  -0.02 8.17 axis z
box onyx_amber -11.8 2.63 -10.6  0.05 0.3 0.3 rot 0 45 0
lightmap 6
box stone_dk -11.875 0.63 -6.4  0.29 1.26 1.06
box stone_lt -11.91 4.485 -6.4  0.22 6.57 0.9
lightmap 4
prism stone_lt -12 0 -6.4  1.1  5  -0.02 7.73  0.2 7.73  0.3 7.95  0.3 8.17  -0.02 8.17 axis z
box onyx_amber -11.8 2.63 -6.4  0.05 0.3 0.3 rot 0 45 0
box granite -11.435 -0.006 -8.5  0.77 0.048 7

# ── W 쪽 벽 (x -12, 5 … 12)
block -12.5 0.1 9.1  1.4 2.2 8.2
block -12.6 2.4 9.1  1.2 2.4 8.2
lightmap 8
box stone_dk -12.5 -0.04 9  1.4 1.92 8.4 lm -x 0.5 lm -y 0.5
lightmap 6
prism stone_lt -12 0 8.5  7  7  -0.02 0.9  0.2 0.9  0.2 0.98  0.13 1.1  0.05 1.14  0.05 1.2  -0.02 1.2 axis z miter -1 0 -1 0
lightmap 8
box stone -12.6 2.1 9.1  1.2 2.4 8.2 lm -x 0.5
lightmap 4
box onyx_teal -12.009 2.63 8.5  0.042 0.14 7
lightmap 5
box shaft -12.003 1.92 8.5  0.034 0.78 2.32
lightmap 4
prism stone_lt -12 0 8.5  2.5  4  -0.02 1.44  0.045 1.44  0.045 1.53  -0.02 1.53 axis z
prism stone_lt -12 0 8.5  2.5  4  -0.02 2.31  0.045 2.31  0.045 2.4  -0.02 2.4 axis z
box stone_lt -11.987 1.92 7.295  0.065 0.78 0.09
box stone_lt -11.987 1.92 9.705  0.065 0.78 0.09
box stone_lt -11.992 1.483 5.373  0.055 0.481 0.815
box stone_lt -11.992 1.988 5.213  0.055 0.481 0.495
box stone_lt -11.992 2.493 5.373  0.055 0.481 0.815
box stone_lt -11.992 2.998 5.213  0.055 0.481 0.495
box stone_lt -11.992 3.855 5.373  0.055 0.425 0.815
box stone_lt -11.992 4.304 5.213  0.055 0.425 0.495
box stone_lt -11.992 4.753 5.373  0.055 0.425 0.815
box stone_lt -11.992 5.202 5.213  0.055 0.425 0.495
box stone_lt -11.992 5.651 5.373  0.055 0.425 0.815
box stone_lt -11.992 6.1 5.213  0.055 0.425 0.495
box stone_lt -11.992 6.549 5.373  0.055 0.425 0.815
box stone_lt -11.992 6.998 5.213  0.055 0.425 0.495
box stone_lt -11.992 7.447 5.373  0.055 0.425 0.815
box stone_lt -11.992 7.896 5.213  0.055 0.425 0.495
lightmap 6
prism stone_lt -12 0 8.5  7  6  -0.02 3.28  0.07 3.28  0.15 3.37  0.15 3.49  0.06 3.6  -0.02 3.6 axis z miter -1 0 -1 0
box wall_hi -12.6 3.45 9.1  1.2 0.34 8.2 lm -x 0.5
box wall_hi -12.6 5.985 5.975  1.2 4.77 1.95 lm -x 0.5
box wall_hi -12.6 5.985 11.625  1.2 4.77 3.15 lm -x 0.5
box wall_hi -12.6 8.975 9.1  1.2 1.25 8.2 lm -x 0.5
box wall_hi -12.35 5.61 7.39  0.7 4.02 0.92
box wall_hi -12.35 5.61 9.61  0.7 4.02 0.92
box wall_hi -12.35 7.995 8.5  0.7 0.79 3.14
prism wall_hi -12.35 0 0  0.7  5  7.85 6.8  8.5 7.6  8.5 7.64  7.81 7.64  7.81 6.8 axis x
prism wall_hi -12.35 0 0  0.7  5  9.15 6.8  8.5 7.6  8.5 7.64  9.19 7.64  9.19 6.8 axis x
lightmap 5
prism stone_lt -12.07 0 0  0.3  4  7.61 3.6  7.85 3.6  7.85 6.8  7.61 6.885 axis x
prism stone_lt -12.07 0 0  0.3  4  7.85 6.8  8.5 7.6  8.5 7.981  7.61 6.885 axis x
prism stone_lt -12.07 0 0  0.3  4  9.39 3.6  9.15 3.6  9.15 6.8  9.39 6.885 axis x
prism stone_lt -12.07 0 0  0.3  4  9.15 6.8  8.5 7.6  8.5 7.981  9.39 6.885 axis x
prism stone_lt -12.575 0 0  0.31  4  7.85 3.6  7.95 3.6  7.95 6.764  7.85 6.8 axis x
prism stone_lt -12.575 0 0  0.31  4  7.95 6.764  8.5 7.441  8.5 7.6  7.85 6.8 axis x
prism stone_lt -12.575 0 0  0.31  4  9.15 3.6  9.05 3.6  9.05 6.764  9.15 6.8 axis x
prism stone_lt -12.575 0 0  0.31  4  9.05 6.764  8.5 7.441  8.5 7.6  9.15 6.8 axis x
prism stone_lt -12 0 8.5  1.3  7  -0.73 3.6  -0.73 3.76  -0.42 3.76  0 3.65  0.16 3.65  0.16 3.58  0 3.58 axis z
prism granite -12.03 0 0  0.34  4  8.37 7.54  8.63 7.54  8.71 8.101  8.29 8.101 axis x
lightmap 4
box bronze -12.6 4.9 8.5  0.08 0.08 1.14
box bronze -12.6 6.1 8.5  0.08 0.08 1.14
lightmap 5
prism stone_lt -12 0 8.5  7  8  -0.02 8.15  0.1 8.15  0.1 8.29  0.22 8.45  0.22 8.59  0.4 8.83  0.4 9  -0.02 9 axis z miter -1 0 -1 0
lightmap 6
box stone_dk -11.875 0.63 6.4  0.29 1.26 1.06
box stone_lt -11.91 4.485 6.4  0.22 6.57 0.9
lightmap 4
prism stone_lt -12 0 6.4  1.1  5  -0.02 7.73  0.2 7.73  0.3 7.95  0.3 8.17  -0.02 8.17 axis z
box onyx_amber -11.8 2.63 6.4  0.05 0.3 0.3 rot 0 45 0
lightmap 6
box stone_dk -11.875 0.63 10.6  0.29 1.26 1.06
box stone_lt -11.91 4.485 10.6  0.22 6.57 0.9
lightmap 4
prism stone_lt -12 0 10.6  1.1  5  -0.02 7.73  0.2 7.73  0.3 7.95  0.3 8.17  -0.02 8.17 axis z
box onyx_amber -11.8 2.63 10.6  0.05 0.3 0.3 rot 0 45 0
box granite -11.435 -0.006 8.5  0.77 0.048 7

# ── W 쪽 벽 (x -5, -16 … -12)
block -5.5 0.1 -14.6  1.4 2.2 5.2
block -5.6 5.4 -14.6  1.2 8.4 5.2
lightmap 8
box stone_dk -5.5 -0.04 -14.5  1.4 1.92 5.4 lm -x 0.5 lm -y 0.5
lightmap 6
prism stone_lt -5 0 -14  4  7  -0.02 0.9  0.2 0.9  0.2 0.98  0.13 1.1  0.05 1.14  0.05 1.2  -0.02 1.2 axis z miter 1 0 1 0
lightmap 8
box stone -5.6 2.1 -14.6  1.2 2.4 5.2 lm -x 0.5
lightmap 4
box onyx_teal -5.009 2.63 -14  0.042 0.14 4
box stone_lt -4.992 1.483 -12.372  0.055 0.481 0.815
box stone_lt -4.992 1.988 -12.212  0.055 0.481 0.495
box stone_lt -4.992 2.493 -12.372  0.055 0.481 0.815
box stone_lt -4.992 2.998 -12.212  0.055 0.481 0.495
box stone_lt -4.992 3.855 -12.372  0.055 0.425 0.815
box stone_lt -4.992 4.304 -12.212  0.055 0.425 0.495
box stone_lt -4.992 4.753 -12.372  0.055 0.425 0.815
box stone_lt -4.992 5.202 -12.212  0.055 0.425 0.495
box stone_lt -4.992 5.651 -12.372  0.055 0.425 0.815
box stone_lt -4.992 6.1 -12.212  0.055 0.425 0.495
box stone_lt -4.992 6.549 -12.372  0.055 0.425 0.815
box stone_lt -4.992 6.998 -12.212  0.055 0.425 0.495
box stone_lt -4.992 7.447 -12.372  0.055 0.425 0.815
box stone_lt -4.992 7.896 -12.212  0.055 0.425 0.495
lightmap 6
prism stone_lt -5 0 -14  4  6  -0.02 3.28  0.07 3.28  0.15 3.37  0.15 3.49  0.06 3.6  -0.02 3.6 axis z miter 1 0 1 0
box wall_hi -5.6 6.44 -14.6  1.2 6.32 5.2 lm -x 0.5
lightmap 5
prism stone_lt -5 0 -14  4  8  -0.02 8.15  0.1 8.15  0.1 8.29  0.22 8.45  0.22 8.59  0.4 8.83  0.4 9  -0.02 9 axis z miter 1 0 1 0
lightmap 4
box granite -4.435 -0.006 -14  0.77 0.048 4

# ── W 쪽 벽 (x -5, 12 … 16)
block -5.5 0.1 14.6  1.4 2.2 5.2
block -5.6 5.4 14.6  1.2 8.4 5.2
lightmap 8
box stone_dk -5.5 -0.04 14.5  1.4 1.92 5.4 lm -x 0.5 lm -y 0.5
lightmap 6
prism stone_lt -5 0 14  4  7  -0.02 0.9  0.2 0.9  0.2 0.98  0.13 1.1  0.05 1.14  0.05 1.2  -0.02 1.2 axis z miter -1 0 -1 0
lightmap 8
box stone -5.6 2.1 14.6  1.2 2.4 5.2 lm -x 0.5
lightmap 4
box onyx_teal -5.009 2.63 14  0.042 0.14 4
box stone_lt -4.992 1.483 12.372  0.055 0.481 0.815
box stone_lt -4.992 1.988 12.213  0.055 0.481 0.495
box stone_lt -4.992 2.493 12.372  0.055 0.481 0.815
box stone_lt -4.992 2.998 12.213  0.055 0.481 0.495
box stone_lt -4.992 3.855 12.372  0.055 0.425 0.815
box stone_lt -4.992 4.304 12.213  0.055 0.425 0.495
box stone_lt -4.992 4.753 12.372  0.055 0.425 0.815
box stone_lt -4.992 5.202 12.213  0.055 0.425 0.495
box stone_lt -4.992 5.651 12.372  0.055 0.425 0.815
box stone_lt -4.992 6.1 12.213  0.055 0.425 0.495
box stone_lt -4.992 6.549 12.372  0.055 0.425 0.815
box stone_lt -4.992 6.998 12.213  0.055 0.425 0.495
box stone_lt -4.992 7.447 12.372  0.055 0.425 0.815
box stone_lt -4.992 7.896 12.213  0.055 0.425 0.495
lightmap 6
prism stone_lt -5 0 14  4  6  -0.02 3.28  0.07 3.28  0.15 3.37  0.15 3.49  0.06 3.6  -0.02 3.6 axis z miter -1 0 -1 0
box wall_hi -5.6 6.44 14.6  1.2 6.32 5.2 lm -x 0.5
lightmap 5
prism stone_lt -5 0 14  4  8  -0.02 8.15  0.1 8.15  0.1 8.29  0.22 8.45  0.22 8.59  0.4 8.83  0.4 9  -0.02 9 axis z miter -1 0 -1 0
lightmap 4
box granite -4.435 -0.006 14  0.77 0.048 4

# ── 천장과 들보
lightmap 3
box ceiling 0 9.3 -5.7  24 0.6 12.6 lm +y 0.25
box ceiling -5.85 9.3 2.4  12.3 0.6 3.6 lm +y 0.25
box ceiling 7.95 9.3 2.4  8.1 0.6 3.6 lm +y 0.25
box ceiling 0 9.3 8.1  24 0.6 7.8 lm +y 0.25
box ceiling 0 9.3 -14  10 0.6 4 lm +y 0.25
box ceiling 0 9.3 14  10 0.6 4 lm +y 0.25
box ceiling 14 9.3 -2.2  4 0.6 5.6 lm +y 0.25
box ceiling 14 9.3 2.4  4 0.6 3.6 lm +y 0.25
box ceiling 14 9.3 4.6  4 0.6 0.8 lm +y 0.25
box ceiling -14 9.3 -2.2  4 0.6 5.6 lm +y 0.25
box ceiling -14 9.3 2.4  4 0.6 3.6 lm +y 0.25
box ceiling -14 9.3 4.6  4 0.6 0.8 lm +y 0.25
box stone_dk 2.1 9.8 0.45  4.2 0.4 0.3 lm +y 0.5
box stone_dk 2.1 9.8 4.35  4.2 0.4 0.3 lm +y 0.5
box stone_dk 0.15 9.8 2.4  0.3 0.4 3.6 lm +y 0.5
box stone_dk 4.05 9.8 2.4  0.3 0.4 3.6 lm +y 0.5
lightmap 4
box stone_lt 2.1 8.965 0.4  4.4 0.11 0.4
box stone_lt 2.1 8.965 4.4  4.4 0.11 0.4
box stone_lt 0.1 8.965 2.4  0.4 0.11 3.6
box stone_lt 4.1 8.965 2.4  0.4 0.11 3.6
prism trim_dk 0 0 0  24  6  -6.4 9  -5.6 9  -5.6 8.24  -5.74 8.1  -6.26 8.1  -6.4 8.24 axis x
prism stone_lt 0 0 -6  0.92  6  -12 8.12  -11.38 8.12  -11.38 8  -11.5 7.88  -11.84 7.38  -12 7.38 axis z
prism stone_lt 0 0 -6  0.92  6  12 8.12  11.38 8.12  11.38 8  11.5 7.88  11.84 7.38  12 7.38 axis z
prism trim_dk 0 0 0  24  6  5.6 9  6.4 9  6.4 8.24  6.26 8.1  5.74 8.1  5.6 8.24 axis x
prism stone_lt 0 0 6  0.92  6  -12 8.12  -11.38 8.12  -11.38 8  -11.5 7.88  -11.84 7.38  -12 7.38 axis z
prism stone_lt 0 0 6  0.92  6  12 8.12  11.38 8.12  11.38 8  11.5 7.88  11.84 7.38  12 7.38 axis z
prism trim_dk 0 0 0  24  6  -6.4 9  -5.6 9  -5.6 8.24  -5.74 8.1  -6.26 8.1  -6.4 8.24 axis z
prism stone_lt -6 0 0  0.92  6  -12 8.12  -11.38 8.12  -11.38 8  -11.5 7.88  -11.84 7.38  -12 7.38 axis x
prism stone_lt -6 0 0  0.92  6  12 8.12  11.38 8.12  11.38 8  11.5 7.88  11.84 7.38  12 7.38 axis x
prism trim_dk 0 0 0  24  6  5.6 9  6.4 9  6.4 8.24  6.26 8.1  5.74 8.1  5.6 8.24 axis z
prism stone_lt 6 0 0  0.92  6  -12 8.12  -11.38 8.12  -11.38 8  -11.5 7.88  -11.84 7.38  -12 7.38 axis x
prism stone_lt 6 0 0  0.92  6  12 8.12  11.38 8.12  11.38 8  11.5 7.88  11.84 7.38  12 7.38 axis x
lightmap 3
box trim_dk 0 8.9 -9.333  24 0.24 0.3
box trim_dk 0 8.9 -4  24 0.24 0.3
box trim_dk 0 8.9 -1.333  24 0.24 0.3
box trim_dk 0 8.9 9.333  24 0.24 0.3
box trim_dk -9.333 8.9 0  0.3 0.24 24
box trim_dk -4 8.9 0  0.3 0.24 24
box trim_dk -1.333 8.9 0  0.3 0.24 24
box trim_dk 9.333 8.9 0  0.3 0.24 24
box trim_dk -2.5 8.9 -14  0.3 0.24 4
box trim_dk 0 8.9 -14  0.3 0.24 4
box trim_dk 2.5 8.9 -14  0.3 0.24 4
box trim_dk -2.5 8.9 14  0.3 0.24 4
box trim_dk 0 8.9 14  0.3 0.24 4
box trim_dk 2.5 8.9 14  0.3 0.24 4
box trim_dk 14 8.9 -2.5  4 0.24 0.3
box trim_dk 14 8.9 0  4 0.24 0.3
box trim_dk 14 8.9 2.5  4 0.24 0.3
box trim_dk -14 8.9 -2.5  4 0.24 0.3
box trim_dk -14 8.9 0  4 0.24 0.3
box trim_dk -14 8.9 2.5  4 0.24 0.3

# ── 손으로 적은 것 — 바닥 무늬, 단, 헤드론, 빛, 소품, 길의 점
lightmap 4
# 문으로 가는 돌길과 가운데의 무늬 — 모자이크의 마름모, 호박색 오닉스의 테, 청록 오닉스의 띠
box path 0 0.012 0    2.6 0.024 31
box path 0 0.014 0   31 0.028 2.6
box onyx_teal  0 0.023 -8.5   17 0.016 0.3
box onyx_teal  0 0.023  8.5   17 0.016 0.3
box onyx_teal  -8.5 0.023 0   0.3 0.016 17
box onyx_teal   8.5 0.023 0   0.3 0.016 17
box onyx_amber 0 0.024 0   4.8 0.02 4.8 rot 45 0 0
box mosaic 0 0.03 0   4.1 0.02 4.1 rot 45 0 0
box moss  -9.5 0.012 -9.5   4 0.024 4
box moss   9.5 0.012  9     4 0.024 5
box drift -9.8 0.01 9.6   4 0.02 4 rot 20 0 0
# 채광 구멍 밑에 뜬 큰 헤드론 — 볕이 그 한쪽을 비춘다
lightmap 8
oct hedron 0 5.6 0   1.3 2.9 1.3 rot 25 0 0
lightmap 0.5
box rune 0 5.6 0   1.9 0.07 1.9 rot 70 0 0
# 구석의 등과 화덕
lightmap 4
box granite -11.58 2.5 -10.6  0.9 0.26 0.4
box stone_lt -11.8 2.22 -10.6  0.44 0.32 0.3
box bronze -11.28 2.68 -10.6  0.52 0.1 0.62
lightmap 0.5
oct rune -11.28 3.38 -10.6  0.22 0.5 0.22 rot -79 0 0
light -11.28 3.38 -10.6 #a9efe3 3.6 11 0.25
lightmap 4
box stone_lt 10.6 3.82 -11.9  0.36 0.56 0.22
box bronze 10.6 3.98 -11.48  0.16 0.07 1
box bronze 10.6 3.72 -11.7  0.16 0.06 0.62 rot 0 -40 0
prop brass_lantern 10.6 2.82 -11.15  125 1.0
lightmap 0.5
oct flame 10.6 3.12 -11.15  0.06 0.13 0.06
light 10.6 2.7 -11.15 #ffc98a 3.6 10 0.22
lightmap 4
box stone_lt -10.6 3.82 11.9  0.36 0.56 0.22
box bronze -10.6 3.98 11.48  0.16 0.07 1
box bronze -10.6 3.72 11.7  0.16 0.06 0.62 rot 0 40 0
prop brass_lantern -10.6 2.82 11.15  125 1.0
lightmap 0.5
oct flame -10.6 3.12 11.15  0.06 0.13 0.06
light -10.6 2.7 11.15 #ffc98a 3.6 10 0.22
prop fire_pit -10.4 0 -10.4  77 1.0
lightmap 0.5
oct flame -10.4 0.62 -10.4  0.16 0.42 0.16 rot 20 0 0
oct flame -10.6 0.5 -10.28  0.11 0.26 0.11 rot 50 0 8
oct ember -10.22 0.46 -10.56  0.1 0.2 0.1 rot 75 0 -10
light -10.4 1.15 -10.4 #ffb46a 3.6 9 0.3
# 소품 — 구석의 기물과 잔해, 풀
prop rock_mid_c   10.2 0  10.4   20 1.0
prop fern_a        8.6 0  10.6  210 1.0
prop rubble_a     10.6 0   8.4   80 1.0
prop barrel       10.6 0 -10.6   30 1.0
prop crate         9.0 0 -10.8   12 1.0
prop jug          10.7 0  -9.0  140 1.0
prop amphora     -10.6 0   8.6   60 1.0
prop vase_c      -10.7 0   9.9  200 1.0
prop nettle_a     -9.2 0  10.6   30 1.0
prop shrub_a     -10.6 0  10.8   30 1.0
prop weed_a       -3.0 0  -4.4  250 1.0
prop rubble_b     -4.6 0  -2.6  170 0.8
prop stone_b       4.2 0  -3.6   70 0.7
