# 전투방 틀 — 정사각 홀. 굵은 각기둥 넷이 천장을 받치고, 가운데로 채광 구멍의 볕이 떨어진다.
# 이 파일은 game/tools/art/make-rooms.mjs 가 적는다 — 고치려면 그 도구의 틀 정의를 고쳐 다시 돌린다 (손으로 고친 것은 덮어쓰인다).
# 방 가운데가 원점, 바닥 윗면이 y 0, 북쪽이 -z. 칸은 32 m × 32 m 이고 문 자리는 칸의 변의 가운데(방 가운데에서 16 m)다 — 문 자리: N E S W.
# 틀은 닫힌 실내다 (바닥·벽·천장·창·문틀이 통째로) — 방마다 90 도 단위로 돌려 놓는다 (domain/dungeon.hpp). 빛은 이 좌표에서 굽는다: 해는 남동쪽이라 동·남쪽 벽의 창과 천장의 채광 구멍으로 볕이 든다.
# 하늘거주지(코르 마킨디 제국이 띄운 부유 요새의 유적 — docs/lore.md)의 내부. 그 내부의 생김새는 공식 자료에 없어 이 게임이 지었다:
# 풍화된 회백색 돌의 높은 홀, 각진 아치와 모따기한 각기둥, 몰딩과 벽기둥, 청록 오닉스와 호박색 오닉스·삭은 청동의 포인트, 각진 머리의 색유리창(코르 양식으로 지어낸 것), 빛나는 헤드론 조각, 남은 기물.
# 도형은 부딪히지 않는다 — 충돌은 block 줄이 낸다 (밑단·벽·문설주·기둥의 단순한 상자).

# 벽 — 아랫단의 애슐러, 윗단의 잔 블록, 밑단
material stone      medieval_blocks_03 2.6
material wall_hi    white_sandstone_blocks_02 2.4
material stone_dk   seaworn_stone_tiles 2.2 #d6d2c8
# 다듬은 돌 — 몰딩·벽기둥·창틀·아치, 들보와 우물천장의 살, 기둥의 몸
material stone_lt   marble_01 2.0
material trim_dk    marble_01 2.0 #b9b5ab
material shaft      travertine014 2.0
material granite    granite_tile 1.6
# 바닥 — 판석, 돌길, 가운데 무늬의 모자이크
material floor      stone_tiles_02 2.6
material path       marble_01 2.0 #d9d5cb
material mosaic     marble_mosaic_tiles 1.6
material ceiling    sandstone_cracks 3.0 #cfccc5
# 포인트 — 청록 오닉스, 호박색 오닉스, 삭은 청동
material onyx_teal  onyx006 1.4
material onyx_amber onyx007 1.4
material bronze     metal017 1.2
# 색유리 — 납 격자에 청록·호박색·옅은 흰빛 조각. 화면에서는 유리 조각이 빛나고, 굽기에서는 지나는 볕에 조각의 색이 곱해진다 (납선은 막는다).
# 창살이 가른 칸마다 유리의 빛깔이 다르다 (청록 칸, 호박색 칸, 옅은 칸) — 해 원반의 반그림자(7 m 에서 0.4 m 쯤)가 잔 조각의 무늬는 뭉개도 칸의 빛깔은 바닥에 또렷이 남는다
material glass_teal  glass_window_001 3.4 #8fe6d8 glass
material glass_amber glass_window_001 3.4 #ffc98a glass
material glass_pale  glass_window_001 3.4 #fff3dd glass
material moss       mossy_rock 3.0
material drift      sand_01 1.5
material hedron     travertine014 2.0 #c8c5bc
# 스스로 빛나는 것 — 룬빛 헤드론 조각, 불씨, 불꽃
color rune      #63e0cf glow
color ember     #ffb45e glow
color flame     #ff9a3c glow
solid off

# ── 바닥
lightmap 10
block 0 -0.5 0  32 1 32
box floor 0 -0.5 0  32 1 32 lm -y 0.25

# ── N 쪽 벽 (z -16, -16 … 16)
block -10.1 0.1 -16.5  14.2 2.2 1.4
block -10.1 2.4 -16.6  14.2 2.4 1.2
lightmap 8
box stone_dk -10.1 -0.04 -16.5  14.2 1.92 1.4 lm -z 0.5 lm -y 0.5
lightmap 6
prism stone_lt -9.5 0 -16  13  7  -0.02 0.9  0.2 0.9  0.2 0.98  0.13 1.1  0.05 1.14  0.05 1.2  -0.02 1.2 axis x miter 1 0 0 0
lightmap 8
box stone -12.65 2.1 -16.6  9.1 2.4 1.2 lm -z 0.5
box stone -4.85 2.1 -16.6  3.7 2.4 1.2 lm -z 0.5
lightmap 6
box stone -7.4 1.06 -16.285  1.44 0.32 0.57
box granite -7.4 2.09 -16.875  1.44 2.38 0.65 lm -z 0.5
box stone -7.4 3.15 -16.285  1.4 0.26 0.57
prism stone 0 0 -16.285  0.57  5  -8.1 2.5  -7.4 3.02  -7.4 3.06  -8.14 3.06  -8.14 2.5 axis z
prism stone 0 0 -16.285  0.57  5  -6.7 2.5  -7.4 3.02  -7.4 3.06  -6.66 3.06  -6.66 2.5 axis z
lightmap 5
prism stone_lt 0 0 -16.04  0.2  4  -8.24 1.2  -8.1 1.2  -8.1 2.5  -8.24 2.57 axis z
prism stone_lt 0 0 -16.04  0.2  4  -8.1 2.5  -7.4 3.02  -7.4 3.194  -8.24 2.57 axis z
prism stone_lt 0 0 -16.04  0.2  4  -6.56 1.2  -6.7 1.2  -6.7 2.5  -6.56 2.57 axis z
prism stone_lt 0 0 -16.04  0.2  4  -6.7 2.5  -7.4 3.02  -7.4 3.194  -6.56 2.57 axis z
box stone_lt -7.4 1.23 -16.145  1.68 0.06 0.81
prop bust -7.4 1.26 -16.26  0 1
lightmap 4
box stone_lt -7.4 4.58 -15.88  1 0.16 0.44
prism stone_lt -7.4 0 -16  0.84  4  -0.1 4.2  0.04 4.2  0.26 4.5  -0.1 4.5 axis x
prop lion_head -7.4 4.66 -15.86  0 1.0
box onyx_teal -12.12 2.63 -16.009  7.76 0.14 0.042
box onyx_teal -4.78 2.63 -16.009  3.56 0.14 0.042
lightmap 5
box shaft -11.6 1.92 -16.003  2.32 0.78 0.034
lightmap 4
prism stone_lt -11.6 0 -16  2.5  4  -0.02 1.44  0.045 1.44  0.045 1.53  -0.02 1.53 axis x
prism stone_lt -11.6 0 -16  2.5  4  -0.02 2.31  0.045 2.31  0.045 2.4  -0.02 2.4 axis x
box stone_lt -12.805 1.92 -15.987  0.09 0.78 0.065
box stone_lt -10.395 1.92 -15.987  0.09 0.78 0.065
lightmap 6
prism stone_lt -9.5 0 -16  13  6  -0.02 3.28  0.07 3.28  0.15 3.37  0.15 3.49  0.06 3.6  -0.02 3.6 axis x miter 1 0 0 0
box wall_hi -10.1 3.45 -16.6  14.2 0.34 1.2 lm -z 0.5
box wall_hi -15.175 5.985 -16.6  4.05 4.77 1.2 lm -z 0.5
box wall_hi -6.525 5.985 -16.6  7.05 4.77 1.2 lm -z 0.5
box wall_hi -10.1 8.975 -16.6  14.2 1.25 1.2 lm -z 0.5
box wall_hi -12.71 5.61 -16.35  0.92 4.02 0.7
box wall_hi -10.49 5.61 -16.35  0.92 4.02 0.7
box wall_hi -11.6 7.995 -16.35  3.14 0.79 0.7
prism wall_hi 0 0 -16.35  0.7  5  -12.25 6.8  -11.6 7.6  -11.6 7.64  -12.29 7.64  -12.29 6.8 axis z
prism wall_hi 0 0 -16.35  0.7  5  -10.95 6.8  -11.6 7.6  -11.6 7.64  -10.91 7.64  -10.91 6.8 axis z
lightmap 5
prism stone_lt 0 0 -16.07  0.3  4  -12.49 3.6  -12.25 3.6  -12.25 6.8  -12.49 6.885 axis z
prism stone_lt 0 0 -16.07  0.3  4  -12.25 6.8  -11.6 7.6  -11.6 7.981  -12.49 6.885 axis z
prism stone_lt 0 0 -16.07  0.3  4  -10.71 3.6  -10.95 3.6  -10.95 6.8  -10.71 6.885 axis z
prism stone_lt 0 0 -16.07  0.3  4  -10.95 6.8  -11.6 7.6  -11.6 7.981  -10.71 6.885 axis z
prism stone_lt 0 0 -16.575  0.31  4  -12.25 3.6  -12.15 3.6  -12.15 6.764  -12.25 6.8 axis z
prism stone_lt 0 0 -16.575  0.31  4  -12.15 6.764  -11.6 7.441  -11.6 7.6  -12.25 6.8 axis z
prism stone_lt 0 0 -16.575  0.31  4  -10.95 3.6  -11.05 3.6  -11.05 6.764  -10.95 6.8 axis z
prism stone_lt 0 0 -16.575  0.31  4  -11.05 6.764  -11.6 7.441  -11.6 7.6  -10.95 6.8 axis z
prism stone_lt -11.6 0 -16  1.3  7  -0.73 3.6  -0.73 3.76  -0.42 3.76  0 3.65  0.16 3.65  0.16 3.58  0 3.58 axis x
prism granite 0 0 -16.03  0.34  4  -11.73 7.54  -11.47 7.54  -11.39 8.101  -11.81 8.101 axis z
lightmap 4
box bronze -11.6 4.9 -16.6  1.14 0.08 0.08
box bronze -11.6 6.1 -16.6  1.14 0.08 0.08
lightmap 5
prism stone_lt -9.5 0 -16  13  8  -0.02 8.15  0.1 8.15  0.1 8.29  0.22 8.45  0.22 8.59  0.4 8.83  0.4 9  -0.02 9 axis x miter 1 0 0 0
lightmap 6
box stone_dk -13.7 0.63 -15.875  1.06 1.26 0.29
box stone_lt -13.7 4.485 -15.91  0.9 6.57 0.22
lightmap 4
prism stone_lt -13.7 0 -16  1.1  5  -0.02 7.73  0.2 7.73  0.3 7.95  0.3 8.17  -0.02 8.17 axis x
box onyx_amber -13.7 2.63 -15.8  0.3 0.3 0.05 rot 0 0 45
lightmap 6
box stone_dk -9.5 0.63 -15.875  1.06 1.26 0.29
box stone_lt -9.5 4.485 -15.91  0.9 6.57 0.22
lightmap 4
prism stone_lt -9.5 0 -16  1.1  5  -0.02 7.73  0.2 7.73  0.3 7.95  0.3 8.17  -0.02 8.17 axis x
box onyx_amber -9.5 2.63 -15.8  0.3 0.3 0.05 rot 0 0 45
lightmap 6
box stone_dk -5.3 0.63 -15.875  1.06 1.26 0.29
box stone_lt -5.3 4.485 -15.91  0.9 6.57 0.22
lightmap 4
prism stone_lt -5.3 0 -16  1.1  5  -0.02 7.73  0.2 7.73  0.3 7.95  0.3 8.17  -0.02 8.17 axis x
box onyx_amber -5.3 2.63 -15.8  0.3 0.3 0.05 rot 0 0 45
box granite -9.5 -0.006 -15.435  13 0.048 0.77
block 10.1 0.1 -16.5  14.2 2.2 1.4
block 10.1 2.4 -16.6  14.2 2.4 1.2
lightmap 8
box stone_dk 10.1 -0.04 -16.5  14.2 1.92 1.4 lm -z 0.5 lm -y 0.5
lightmap 6
prism stone_lt 9.5 0 -16  13  7  -0.02 0.9  0.2 0.9  0.2 0.98  0.13 1.1  0.05 1.14  0.05 1.2  -0.02 1.2 axis x miter 0 0 -1 0
lightmap 8
box stone 6.95 2.1 -16.6  7.9 2.4 1.2 lm -z 0.5
box stone 14.75 2.1 -16.6  4.9 2.4 1.2 lm -z 0.5
lightmap 6
box stone 11.6 1.06 -16.285  1.44 0.32 0.57
box granite 11.6 2.09 -16.875  1.44 2.38 0.65 lm -z 0.5
box stone 11.6 3.15 -16.285  1.4 0.26 0.57
prism stone 0 0 -16.285  0.57  5  10.9 2.5  11.6 3.02  11.6 3.06  10.86 3.06  10.86 2.5 axis z
prism stone 0 0 -16.285  0.57  5  12.3 2.5  11.6 3.02  11.6 3.06  12.34 3.06  12.34 2.5 axis z
lightmap 5
prism stone_lt 0 0 -16.04  0.2  4  10.76 1.2  10.9 1.2  10.9 2.5  10.76 2.57 axis z
prism stone_lt 0 0 -16.04  0.2  4  10.9 2.5  11.6 3.02  11.6 3.194  10.76 2.57 axis z
prism stone_lt 0 0 -16.04  0.2  4  12.44 1.2  12.3 1.2  12.3 2.5  12.44 2.57 axis z
prism stone_lt 0 0 -16.04  0.2  4  12.3 2.5  11.6 3.02  11.6 3.194  12.44 2.57 axis z
box stone_lt 11.6 1.23 -16.145  1.68 0.06 0.81
prop amphora 11.6 1.26 -16.26  0 1
lightmap 4
box stone_lt 11.6 4.58 -15.88  1 0.16 0.44
prism stone_lt 11.6 0 -16  0.84  4  -0.1 4.2  0.04 4.2  0.26 4.5  -0.1 4.5 axis x
prop bull_head 11.6 4.66 -15.86  0 1.0
box onyx_teal 6.88 2.63 -16.009  7.76 0.14 0.042
box onyx_teal 14.22 2.63 -16.009  3.56 0.14 0.042
lightmap 5
box shaft 7.4 1.92 -16.003  2.32 0.78 0.034
lightmap 4
prism stone_lt 7.4 0 -16  2.5  4  -0.02 1.44  0.045 1.44  0.045 1.53  -0.02 1.53 axis x
prism stone_lt 7.4 0 -16  2.5  4  -0.02 2.31  0.045 2.31  0.045 2.4  -0.02 2.4 axis x
box stone_lt 6.195 1.92 -15.987  0.09 0.78 0.065
box stone_lt 8.605 1.92 -15.987  0.09 0.78 0.065
lightmap 6
prism stone_lt 9.5 0 -16  13  6  -0.02 3.28  0.07 3.28  0.15 3.37  0.15 3.49  0.06 3.6  -0.02 3.6 axis x miter 0 0 -1 0
box wall_hi 10.1 3.45 -16.6  14.2 0.34 1.2 lm -z 0.5
box wall_hi 4.425 5.985 -16.6  2.85 4.77 1.2 lm -z 0.5
box wall_hi 13.075 5.985 -16.6  8.25 4.77 1.2 lm -z 0.5
box wall_hi 10.1 8.975 -16.6  14.2 1.25 1.2 lm -z 0.5
box wall_hi 6.29 5.61 -16.35  0.92 4.02 0.7
box wall_hi 8.51 5.61 -16.35  0.92 4.02 0.7
box wall_hi 7.4 7.995 -16.35  3.14 0.79 0.7
prism wall_hi 0 0 -16.35  0.7  5  6.75 6.8  7.4 7.6  7.4 7.64  6.71 7.64  6.71 6.8 axis z
prism wall_hi 0 0 -16.35  0.7  5  8.05 6.8  7.4 7.6  7.4 7.64  8.09 7.64  8.09 6.8 axis z
lightmap 5
prism stone_lt 0 0 -16.07  0.3  4  6.51 3.6  6.75 3.6  6.75 6.8  6.51 6.885 axis z
prism stone_lt 0 0 -16.07  0.3  4  6.75 6.8  7.4 7.6  7.4 7.981  6.51 6.885 axis z
prism stone_lt 0 0 -16.07  0.3  4  8.29 3.6  8.05 3.6  8.05 6.8  8.29 6.885 axis z
prism stone_lt 0 0 -16.07  0.3  4  8.05 6.8  7.4 7.6  7.4 7.981  8.29 6.885 axis z
prism stone_lt 0 0 -16.575  0.31  4  6.75 3.6  6.85 3.6  6.85 6.764  6.75 6.8 axis z
prism stone_lt 0 0 -16.575  0.31  4  6.85 6.764  7.4 7.441  7.4 7.6  6.75 6.8 axis z
prism stone_lt 0 0 -16.575  0.31  4  8.05 3.6  7.95 3.6  7.95 6.764  8.05 6.8 axis z
prism stone_lt 0 0 -16.575  0.31  4  7.95 6.764  7.4 7.441  7.4 7.6  8.05 6.8 axis z
prism stone_lt 7.4 0 -16  1.3  7  -0.73 3.6  -0.73 3.76  -0.42 3.76  0 3.65  0.16 3.65  0.16 3.58  0 3.58 axis x
prism granite 0 0 -16.03  0.34  4  7.27 7.54  7.53 7.54  7.61 8.101  7.19 8.101 axis z
lightmap 4
box bronze 7.4 4.9 -16.6  1.14 0.08 0.08
box bronze 7.4 6.1 -16.6  1.14 0.08 0.08
lightmap 5
prism stone_lt 9.5 0 -16  13  8  -0.02 8.15  0.1 8.15  0.1 8.29  0.22 8.45  0.22 8.59  0.4 8.83  0.4 9  -0.02 9 axis x miter 0 0 -1 0
lightmap 6
box stone_dk 5.3 0.63 -15.875  1.06 1.26 0.29
box stone_lt 5.3 4.485 -15.91  0.9 6.57 0.22
lightmap 4
prism stone_lt 5.3 0 -16  1.1  5  -0.02 7.73  0.2 7.73  0.3 7.95  0.3 8.17  -0.02 8.17 axis x
box onyx_amber 5.3 2.63 -15.8  0.3 0.3 0.05 rot 0 0 45
lightmap 6
box stone_dk 9.5 0.63 -15.875  1.06 1.26 0.29
box stone_lt 9.5 4.485 -15.91  0.9 6.57 0.22
lightmap 4
prism stone_lt 9.5 0 -16  1.1  5  -0.02 7.73  0.2 7.73  0.3 7.95  0.3 8.17  -0.02 8.17 axis x
box onyx_amber 9.5 2.63 -15.8  0.3 0.3 0.05 rot 0 0 45
lightmap 6
box stone_dk 13.7 0.63 -15.875  1.06 1.26 0.29
box stone_lt 13.7 4.485 -15.91  0.9 6.57 0.22
lightmap 4
prism stone_lt 13.7 0 -16  1.1  5  -0.02 7.73  0.2 7.73  0.3 7.95  0.3 8.17  -0.02 8.17 axis x
box onyx_amber 13.7 2.63 -15.8  0.3 0.3 0.05 rot 0 0 45
box granite 9.5 -0.006 -15.435  13 0.048 0.77
block -2.6 3 -16.25  1.2 6 1.9
block 2.6 3 -16.25  1.2 6 1.9
block 0 4.3 -17.4  6.8 10.6 0.8
block 0 -0.5 -16.6  6.4 1 1.2
lightmap 6
box stone_dk 0 4.3 -17.4  6.8 10.6 0.8 lm -z 0.5
box granite 0 -0.5 -16.6  6.4 1 1.2 lm -y 0.5
box wall_hi 0 7.8 -16.75  6.4 3.6 0.9 lm -z 0.5
prism wall_hi 0 0 -16.16  0.32  5  -3.2 6  -3.2 8.04  0 8.04  0 7.7  -2.6 6.4 axis z
prism wall_hi 0 0 -16.16  0.32  5  3.2 6  3.2 8.04  0 8.04  0 7.7  2.6 6.4 axis z
box wall_hi 0 8.81 -16.16  6 1.58 0.32
lightmap 5
prism stone_lt 0 0 -16  6  8  -0.02 8.15  0.1 8.15  0.1 8.29  0.22 8.45  0.22 8.59  0.4 8.83  0.4 9  -0.02 9 axis x
lightmap 8
box stone_lt -2.6 2.81 -16.25  1.2 5.62 1.9
lightmap 5
box stone_dk -2.6 0.4 -15.64  1.34 0.8 0.82
box bronze -2.6 3.97 -15.655  1.24 0.14 0.75
box onyx_teal -2.6 4.23 -15.659  1.224 0.14 0.742
box stone_lt -2.6 5.8 -16.205  1.38 0.4 1.99
lightmap 8
box stone_lt 2.6 2.81 -16.25  1.2 5.62 1.9
lightmap 5
box stone_dk 2.6 0.4 -15.64  1.34 0.8 0.82
box bronze 2.6 3.97 -15.655  1.24 0.14 0.75
box onyx_teal 2.6 4.23 -15.659  1.224 0.14 0.742
box stone_lt 2.6 5.8 -16.205  1.38 0.4 1.99
lightmap 6
prism trim_dk 0 0 -15.78  1.08  4  -2 6  -1.5 6.263  -1.942 7.104  -3.093 6 axis z
prism stone_lt 0 0 -15.81  1.02  4  -1.5 6.263  -1 6.525  -1.442 7.366  -1.942 7.104 axis z
prism trim_dk 0 0 -15.78  1.08  4  -1 6.525  -0.5 6.788  -0.942 7.629  -1.442 7.366 axis z
prism stone_lt 0 0 -15.81  1.02  4  -0.5 6.788  -0.159 6.966  -0.601 7.807  -0.942 7.629 axis z
prism trim_dk 0 0 -15.78  1.08  4  2 6  1.5 6.263  1.942 7.104  3.093 6 axis z
prism stone_lt 0 0 -15.81  1.02  4  1.5 6.263  1 6.525  1.442 7.366  1.942 7.104 axis z
prism trim_dk 0 0 -15.78  1.08  4  1 6.525  0.5 6.788  0.942 7.629  1.442 7.366 axis z
prism stone_lt 0 0 -15.81  1.02  4  0.5 6.788  0.159 6.966  0.601 7.807  0.942 7.629 axis z
prism granite 0 0 -15.74  1.16  4  -0.3 6.89  0.3 6.89  0.46 8.14  -0.46 8.14 axis z
lightmap 4
box onyx_teal 0 7.53 -15.16  0.3 0.3 0.05 rot 0 0 45
box path 0 0.025 -16.1  4 0.05 1.6
box bronze 0 0.063 -16  3.8 0.025 0.24

# ── E 쪽 벽 (x 16, -16 … 16)
block 16.5 0.1 -10.1  1.4 2.2 14.2
block 16.6 2.4 -10.1  1.2 2.4 14.2
lightmap 8
box stone_dk 16.5 -0.04 -10.1  1.4 1.92 14.2 lm +x 0.5 lm -y 0.5
lightmap 6
prism stone_lt 16 0 -9.5  13  7  0.02 0.9  -0.2 0.9  -0.2 0.98  -0.13 1.1  -0.05 1.14  -0.05 1.2  0.02 1.2 axis z miter -1 0 0 0
lightmap 8
box stone 16.6 2.1 -10.1  1.2 2.4 14.2 lm +x 0.5
lightmap 4
box onyx_teal 16.009 2.63 -9.5  0.042 0.14 13
lightmap 5
box shaft 16.003 1.92 -11.6  0.034 0.78 2.32
lightmap 4
prism stone_lt 16 0 -11.6  2.5  4  0.02 1.44  -0.045 1.44  -0.045 1.53  0.02 1.53 axis z
prism stone_lt 16 0 -11.6  2.5  4  0.02 2.31  -0.045 2.31  -0.045 2.4  0.02 2.4 axis z
box stone_lt 15.988 1.92 -12.805  0.065 0.78 0.09
box stone_lt 15.988 1.92 -10.395  0.065 0.78 0.09
lightmap 5
box shaft 16.003 1.92 -7.4  0.034 0.78 2.32
lightmap 4
prism stone_lt 16 0 -7.4  2.5  4  0.02 1.44  -0.045 1.44  -0.045 1.53  0.02 1.53 axis z
prism stone_lt 16 0 -7.4  2.5  4  0.02 2.31  -0.045 2.31  -0.045 2.4  0.02 2.4 axis z
box stone_lt 15.988 1.92 -8.605  0.065 0.78 0.09
box stone_lt 15.988 1.92 -6.195  0.065 0.78 0.09
lightmap 6
prism stone_lt 16 0 -9.5  13  6  0.02 3.28  -0.07 3.28  -0.15 3.37  -0.15 3.49  -0.06 3.6  0.02 3.6 axis z miter -1 0 0 0
box wall_hi 16.6 3.45 -10.1  1.2 0.34 14.2 lm +x 0.5
box wall_hi 16.6 5.985 -15.4  1.2 4.77 3.6 lm +x 0.5
box wall_hi 16.6 5.985 -9.275  1.2 4.77 0.65 lm +x 0.5
box wall_hi 16.6 5.985 -4.425  1.2 4.77 2.85 lm +x 0.5
box wall_hi 16.6 8.975 -10.1  1.2 1.25 14.2 lm +x 0.5
box wall_hi 16.35 5.61 -13.16  0.7 4.02 0.92
box wall_hi 16.35 5.61 -10.04  0.7 4.02 0.92
box wall_hi 16.35 7.995 -11.6  0.7 0.79 4.04
prism wall_hi 16.35 0 0  0.7  5  -12.7 6.8  -11.6 7.6  -11.6 7.64  -12.74 7.64  -12.74 6.8 axis x
prism wall_hi 16.35 0 0  0.7  5  -10.5 6.8  -11.6 7.6  -11.6 7.64  -10.46 7.64  -10.46 6.8 axis x
box wall_hi 16.35 5.61 -8.51  0.7 4.02 0.92
box wall_hi 16.35 5.61 -6.29  0.7 4.02 0.92
box wall_hi 16.35 7.995 -7.4  0.7 0.79 3.14
prism wall_hi 16.35 0 0  0.7  5  -8.05 6.8  -7.4 7.6  -7.4 7.64  -8.09 7.64  -8.09 6.8 axis x
prism wall_hi 16.35 0 0  0.7  5  -6.75 6.8  -7.4 7.6  -7.4 7.64  -6.71 7.64  -6.71 6.8 axis x
lightmap 5
prism stone_lt 16.07 0 0  0.3  4  -12.94 3.6  -12.7 3.6  -12.7 6.8  -12.94 6.922 axis x
prism stone_lt 16.07 0 0  0.3  4  -12.7 6.8  -11.6 7.6  -11.6 7.897  -12.94 6.922 axis x
prism stone_lt 16.07 0 0  0.3  4  -10.26 3.6  -10.5 3.6  -10.5 6.8  -10.26 6.922 axis x
prism stone_lt 16.07 0 0  0.3  4  -10.5 6.8  -11.6 7.6  -11.6 7.897  -10.26 6.922 axis x
prism stone_lt 16.575 0 0  0.31  4  -12.7 3.6  -12.6 3.6  -12.6 6.749  -12.7 6.8 axis x
prism stone_lt 16.575 0 0  0.31  4  -12.6 6.749  -11.6 7.476  -11.6 7.6  -12.7 6.8 axis x
prism stone_lt 16.575 0 0  0.31  4  -10.5 3.6  -10.6 3.6  -10.6 6.749  -10.5 6.8 axis x
prism stone_lt 16.575 0 0  0.31  4  -10.6 6.749  -11.6 7.476  -11.6 7.6  -10.5 6.8 axis x
prism stone_lt 16 0 -11.6  2.2  7  0.73 3.6  0.73 3.76  0.42 3.76  0 3.65  -0.16 3.65  -0.16 3.58  0 3.58 axis z
prism onyx_teal 16.03 0 0  0.34  4  -11.73 7.54  -11.47 7.54  -11.39 8.017  -11.81 8.017 axis x
lightmap 2
prism glass_teal 16.615 0 0  0.03  4  -12.63 3.74  -11.6 3.74  -11.6 5.95  -12.63 6.699 axis x
prism glass_amber 16.615 0 0  0.03  4  -11.6 3.74  -10.57 3.74  -10.57 6.699  -11.6 5.95 axis x
prism glass_pale 16.615 0 0  0.03  6  -11.6 5.95  -10.57 6.699  -10.57 6.769  -11.6 7.506  -12.63 6.769  -12.63 6.699 axis x
lightmap 4
prism stone_lt 16.61 0 0  0.18  4  -11.655 3.74  -11.545 3.74  -11.545 5.95  -11.655 5.95 axis x
prism stone_lt 16.61 0 0  0.18  4  -11.6 5.875  -11.6 6.025  -12.689 6.817  -12.689 6.667 axis x
prism stone_lt 16.61 0 0  0.18  4  -11.6 5.875  -11.6 6.025  -10.511 6.817  -10.511 6.667 axis x
box bronze 16.5 5.95 -11.6  0.06 0.2 0.2 rot 0 45 0
lightmap 5
prism stone_lt 16.07 0 0  0.3  4  -8.29 3.6  -8.05 3.6  -8.05 6.8  -8.29 6.885 axis x
prism stone_lt 16.07 0 0  0.3  4  -8.05 6.8  -7.4 7.6  -7.4 7.981  -8.29 6.885 axis x
prism stone_lt 16.07 0 0  0.3  4  -6.51 3.6  -6.75 3.6  -6.75 6.8  -6.51 6.885 axis x
prism stone_lt 16.07 0 0  0.3  4  -6.75 6.8  -7.4 7.6  -7.4 7.981  -6.51 6.885 axis x
prism stone_lt 16.575 0 0  0.31  4  -8.05 3.6  -7.95 3.6  -7.95 6.764  -8.05 6.8 axis x
prism stone_lt 16.575 0 0  0.31  4  -7.95 6.764  -7.4 7.441  -7.4 7.6  -8.05 6.8 axis x
prism stone_lt 16.575 0 0  0.31  4  -6.75 3.6  -6.85 3.6  -6.85 6.764  -6.75 6.8 axis x
prism stone_lt 16.575 0 0  0.31  4  -6.85 6.764  -7.4 7.441  -7.4 7.6  -6.75 6.8 axis x
prism stone_lt 16 0 -7.4  1.3  7  0.73 3.6  0.73 3.76  0.42 3.76  0 3.65  -0.16 3.65  -0.16 3.58  0 3.58 axis z
prism granite 16.03 0 0  0.34  4  -7.53 7.54  -7.27 7.54  -7.19 8.101  -7.61 8.101 axis x
lightmap 4
box bronze 16.6 4.9 -7.4  0.08 0.08 1.14
box bronze 16.6 6.1 -7.4  0.08 0.08 1.14
lightmap 5
prism stone_lt 16 0 -9.5  13  8  0.02 8.15  -0.1 8.15  -0.1 8.29  -0.22 8.45  -0.22 8.59  -0.4 8.83  -0.4 9  0.02 9 axis z miter -1 0 0 0
lightmap 6
box stone_dk 15.875 0.63 -13.7  0.29 1.26 1.06
box stone_lt 15.91 4.485 -13.7  0.22 6.57 0.9
lightmap 4
prism stone_lt 16 0 -13.7  1.1  5  0.02 7.73  -0.2 7.73  -0.3 7.95  -0.3 8.17  0.02 8.17 axis z
box onyx_amber 15.8 2.63 -13.7  0.05 0.3 0.3 rot 0 45 0
lightmap 6
box stone_dk 15.875 0.63 -9.5  0.29 1.26 1.06
box stone_lt 15.91 4.485 -9.5  0.22 6.57 0.9
lightmap 4
prism stone_lt 16 0 -9.5  1.1  5  0.02 7.73  -0.2 7.73  -0.3 7.95  -0.3 8.17  0.02 8.17 axis z
box onyx_amber 15.8 2.63 -9.5  0.05 0.3 0.3 rot 0 45 0
lightmap 6
box stone_dk 15.875 0.63 -5.3  0.29 1.26 1.06
box stone_lt 15.91 4.485 -5.3  0.22 6.57 0.9
lightmap 4
prism stone_lt 16 0 -5.3  1.1  5  0.02 7.73  -0.2 7.73  -0.3 7.95  -0.3 8.17  0.02 8.17 axis z
box onyx_amber 15.8 2.63 -5.3  0.05 0.3 0.3 rot 0 45 0
box granite 15.435 -0.006 -9.5  0.77 0.048 13
block 16.5 0.1 10.1  1.4 2.2 14.2
block 16.6 2.4 10.1  1.2 2.4 14.2
lightmap 8
box stone_dk 16.5 -0.04 10.1  1.4 1.92 14.2 lm +x 0.5 lm -y 0.5
lightmap 6
prism stone_lt 16 0 9.5  13  7  0.02 0.9  -0.2 0.9  -0.2 0.98  -0.13 1.1  -0.05 1.14  -0.05 1.2  0.02 1.2 axis z miter 0 0 1 0
lightmap 8
box stone 16.6 2.1 10.1  1.2 2.4 14.2 lm +x 0.5
lightmap 4
box onyx_teal 16.009 2.63 9.5  0.042 0.14 13
lightmap 5
box shaft 16.003 1.92 7.4  0.034 0.78 2.32
lightmap 4
prism stone_lt 16 0 7.4  2.5  4  0.02 1.44  -0.045 1.44  -0.045 1.53  0.02 1.53 axis z
prism stone_lt 16 0 7.4  2.5  4  0.02 2.31  -0.045 2.31  -0.045 2.4  0.02 2.4 axis z
box stone_lt 15.988 1.92 6.195  0.065 0.78 0.09
box stone_lt 15.988 1.92 8.605  0.065 0.78 0.09
lightmap 5
box shaft 16.003 1.92 11.6  0.034 0.78 2.32
lightmap 4
prism stone_lt 16 0 11.6  2.5  4  0.02 1.44  -0.045 1.44  -0.045 1.53  0.02 1.53 axis z
prism stone_lt 16 0 11.6  2.5  4  0.02 2.31  -0.045 2.31  -0.045 2.4  0.02 2.4 axis z
box stone_lt 15.988 1.92 10.395  0.065 0.78 0.09
box stone_lt 15.988 1.92 12.805  0.065 0.78 0.09
lightmap 6
prism stone_lt 16 0 9.5  13  6  0.02 3.28  -0.07 3.28  -0.15 3.37  -0.15 3.49  -0.06 3.6  0.02 3.6 axis z miter 0 0 1 0
box wall_hi 16.6 3.45 10.1  1.2 0.34 14.2 lm +x 0.5
box wall_hi 16.6 5.985 4.2  1.2 4.77 2.4 lm +x 0.5
box wall_hi 16.6 5.985 9.725  1.2 4.77 0.65 lm +x 0.5
box wall_hi 16.6 5.985 15.175  1.2 4.77 4.05 lm +x 0.5
box wall_hi 16.6 8.975 10.1  1.2 1.25 14.2 lm +x 0.5
box wall_hi 16.35 5.61 5.84  0.7 4.02 0.92
box wall_hi 16.35 5.61 8.96  0.7 4.02 0.92
box wall_hi 16.35 7.995 7.4  0.7 0.79 4.04
prism wall_hi 16.35 0 0  0.7  5  6.3 6.8  7.4 7.6  7.4 7.64  6.26 7.64  6.26 6.8 axis x
prism wall_hi 16.35 0 0  0.7  5  8.5 6.8  7.4 7.6  7.4 7.64  8.54 7.64  8.54 6.8 axis x
box wall_hi 16.35 5.61 10.49  0.7 4.02 0.92
box wall_hi 16.35 5.61 12.71  0.7 4.02 0.92
box wall_hi 16.35 7.995 11.6  0.7 0.79 3.14
prism wall_hi 16.35 0 0  0.7  5  10.95 6.8  11.6 7.6  11.6 7.64  10.91 7.64  10.91 6.8 axis x
prism wall_hi 16.35 0 0  0.7  5  12.25 6.8  11.6 7.6  11.6 7.64  12.29 7.64  12.29 6.8 axis x
lightmap 5
prism stone_lt 16.07 0 0  0.3  4  6.06 3.6  6.3 3.6  6.3 6.8  6.06 6.922 axis x
prism stone_lt 16.07 0 0  0.3  4  6.3 6.8  7.4 7.6  7.4 7.897  6.06 6.922 axis x
prism stone_lt 16.07 0 0  0.3  4  8.74 3.6  8.5 3.6  8.5 6.8  8.74 6.922 axis x
prism stone_lt 16.07 0 0  0.3  4  8.5 6.8  7.4 7.6  7.4 7.897  8.74 6.922 axis x
prism stone_lt 16.575 0 0  0.31  4  6.3 3.6  6.4 3.6  6.4 6.749  6.3 6.8 axis x
prism stone_lt 16.575 0 0  0.31  4  6.4 6.749  7.4 7.476  7.4 7.6  6.3 6.8 axis x
prism stone_lt 16.575 0 0  0.31  4  8.5 3.6  8.4 3.6  8.4 6.749  8.5 6.8 axis x
prism stone_lt 16.575 0 0  0.31  4  8.4 6.749  7.4 7.476  7.4 7.6  8.5 6.8 axis x
prism stone_lt 16 0 7.4  2.2  7  0.73 3.6  0.73 3.76  0.42 3.76  0 3.65  -0.16 3.65  -0.16 3.58  0 3.58 axis z
prism onyx_teal 16.03 0 0  0.34  4  7.27 7.54  7.53 7.54  7.61 8.017  7.19 8.017 axis x
lightmap 2
prism glass_amber 16.615 0 0  0.03  4  6.37 3.74  7.4 3.74  7.4 5.95  6.37 6.699 axis x
prism glass_teal 16.615 0 0  0.03  4  7.4 3.74  8.43 3.74  8.43 6.699  7.4 5.95 axis x
prism glass_pale 16.615 0 0  0.03  6  7.4 5.95  8.43 6.699  8.43 6.769  7.4 7.506  6.37 6.769  6.37 6.699 axis x
lightmap 4
prism stone_lt 16.61 0 0  0.18  4  7.345 3.74  7.455 3.74  7.455 5.95  7.345 5.95 axis x
prism stone_lt 16.61 0 0  0.18  4  7.4 5.875  7.4 6.025  6.311 6.817  6.311 6.667 axis x
prism stone_lt 16.61 0 0  0.18  4  7.4 5.875  7.4 6.025  8.489 6.817  8.489 6.667 axis x
box bronze 16.5 5.95 7.4  0.06 0.2 0.2 rot 0 45 0
lightmap 5
prism stone_lt 16.07 0 0  0.3  4  10.71 3.6  10.95 3.6  10.95 6.8  10.71 6.885 axis x
prism stone_lt 16.07 0 0  0.3  4  10.95 6.8  11.6 7.6  11.6 7.981  10.71 6.885 axis x
prism stone_lt 16.07 0 0  0.3  4  12.49 3.6  12.25 3.6  12.25 6.8  12.49 6.885 axis x
prism stone_lt 16.07 0 0  0.3  4  12.25 6.8  11.6 7.6  11.6 7.981  12.49 6.885 axis x
prism stone_lt 16.575 0 0  0.31  4  10.95 3.6  11.05 3.6  11.05 6.764  10.95 6.8 axis x
prism stone_lt 16.575 0 0  0.31  4  11.05 6.764  11.6 7.441  11.6 7.6  10.95 6.8 axis x
prism stone_lt 16.575 0 0  0.31  4  12.25 3.6  12.15 3.6  12.15 6.764  12.25 6.8 axis x
prism stone_lt 16.575 0 0  0.31  4  12.15 6.764  11.6 7.441  11.6 7.6  12.25 6.8 axis x
prism stone_lt 16 0 11.6  1.3  7  0.73 3.6  0.73 3.76  0.42 3.76  0 3.65  -0.16 3.65  -0.16 3.58  0 3.58 axis z
prism granite 16.03 0 0  0.34  4  11.47 7.54  11.73 7.54  11.81 8.101  11.39 8.101 axis x
lightmap 4
box bronze 16.6 4.9 11.6  0.08 0.08 1.14
box bronze 16.6 6.1 11.6  0.08 0.08 1.14
lightmap 5
prism stone_lt 16 0 9.5  13  8  0.02 8.15  -0.1 8.15  -0.1 8.29  -0.22 8.45  -0.22 8.59  -0.4 8.83  -0.4 9  0.02 9 axis z miter 0 0 1 0
lightmap 6
box stone_dk 15.875 0.63 5.3  0.29 1.26 1.06
box stone_lt 15.91 4.485 5.3  0.22 6.57 0.9
lightmap 4
prism stone_lt 16 0 5.3  1.1  5  0.02 7.73  -0.2 7.73  -0.3 7.95  -0.3 8.17  0.02 8.17 axis z
box onyx_amber 15.8 2.63 5.3  0.05 0.3 0.3 rot 0 45 0
lightmap 6
box stone_dk 15.875 0.63 9.5  0.29 1.26 1.06
box stone_lt 15.91 4.485 9.5  0.22 6.57 0.9
lightmap 4
prism stone_lt 16 0 9.5  1.1  5  0.02 7.73  -0.2 7.73  -0.3 7.95  -0.3 8.17  0.02 8.17 axis z
box onyx_amber 15.8 2.63 9.5  0.05 0.3 0.3 rot 0 45 0
lightmap 6
box stone_dk 15.875 0.63 13.7  0.29 1.26 1.06
box stone_lt 15.91 4.485 13.7  0.22 6.57 0.9
lightmap 4
prism stone_lt 16 0 13.7  1.1  5  0.02 7.73  -0.2 7.73  -0.3 7.95  -0.3 8.17  0.02 8.17 axis z
box onyx_amber 15.8 2.63 13.7  0.05 0.3 0.3 rot 0 45 0
box granite 15.435 -0.006 9.5  0.77 0.048 13
block 16.25 3 -2.6  1.9 6 1.2
block 16.25 3 2.6  1.9 6 1.2
block 17.4 4.3 0  0.8 10.6 6.8
block 16.6 -0.5 0  1.2 1 6.4
lightmap 6
box stone_dk 17.4 4.3 0  0.8 10.6 6.8 lm +x 0.5
box granite 16.6 -0.5 0  1.2 1 6.4 lm -y 0.5
box wall_hi 16.75 7.8 0  0.9 3.6 6.4 lm +x 0.5
prism wall_hi 16.16 0 0  0.32  5  -3.2 6  -3.2 8.04  0 8.04  0 7.7  -2.6 6.4 axis x
prism wall_hi 16.16 0 0  0.32  5  3.2 6  3.2 8.04  0 8.04  0 7.7  2.6 6.4 axis x
box wall_hi 16.16 8.81 0  0.32 1.58 6
lightmap 5
prism stone_lt 16 0 0  6  8  0.02 8.15  -0.1 8.15  -0.1 8.29  -0.22 8.45  -0.22 8.59  -0.4 8.83  -0.4 9  0.02 9 axis z
lightmap 8
box stone_lt 16.25 2.81 -2.6  1.9 5.62 1.2
lightmap 5
box stone_dk 15.64 0.4 -2.6  0.82 0.8 1.34
box bronze 15.655 3.97 -2.6  0.75 0.14 1.24
box onyx_teal 15.659 4.23 -2.6  0.742 0.14 1.224
box stone_lt 16.205 5.8 -2.6  1.99 0.4 1.38
lightmap 8
box stone_lt 16.25 2.81 2.6  1.9 5.62 1.2
lightmap 5
box stone_dk 15.64 0.4 2.6  0.82 0.8 1.34
box bronze 15.655 3.97 2.6  0.75 0.14 1.24
box onyx_teal 15.659 4.23 2.6  0.742 0.14 1.224
box stone_lt 16.205 5.8 2.6  1.99 0.4 1.38
lightmap 6
prism trim_dk 15.78 0 0  1.08  4  -2 6  -1.5 6.263  -1.942 7.104  -3.093 6 axis x
prism stone_lt 15.81 0 0  1.02  4  -1.5 6.263  -1 6.525  -1.442 7.366  -1.942 7.104 axis x
prism trim_dk 15.78 0 0  1.08  4  -1 6.525  -0.5 6.788  -0.942 7.629  -1.442 7.366 axis x
prism stone_lt 15.81 0 0  1.02  4  -0.5 6.788  -0.159 6.966  -0.601 7.807  -0.942 7.629 axis x
prism trim_dk 15.78 0 0  1.08  4  2 6  1.5 6.263  1.942 7.104  3.093 6 axis x
prism stone_lt 15.81 0 0  1.02  4  1.5 6.263  1 6.525  1.442 7.366  1.942 7.104 axis x
prism trim_dk 15.78 0 0  1.08  4  1 6.525  0.5 6.788  0.942 7.629  1.442 7.366 axis x
prism stone_lt 15.81 0 0  1.02  4  0.5 6.788  0.159 6.966  0.601 7.807  0.942 7.629 axis x
prism granite 15.74 0 0  1.16  4  -0.3 6.89  0.3 6.89  0.46 8.14  -0.46 8.14 axis x
lightmap 4
box onyx_teal 15.16 7.53 0  0.05 0.3 0.3 rot 0 45 0
box path 16.1 0.025 0  1.6 0.05 4
box bronze 16 0.063 0  0.24 0.025 3.8

# ── S 쪽 벽 (z 16, -16 … 16)
block -10.1 0.1 16.5  14.2 2.2 1.4
block -10.1 2.4 16.6  14.2 2.4 1.2
lightmap 8
box stone_dk -10.1 -0.04 16.5  14.2 1.92 1.4 lm +z 0.5 lm -y 0.5
lightmap 6
prism stone_lt -9.5 0 16  13  7  0.02 0.9  -0.2 0.9  -0.2 0.98  -0.13 1.1  -0.05 1.14  -0.05 1.2  0.02 1.2 axis x miter -1 0 0 0
lightmap 8
box stone -10.1 2.1 16.6  14.2 2.4 1.2 lm +z 0.5
lightmap 4
box onyx_teal -9.5 2.63 16.009  13 0.14 0.042
lightmap 5
box shaft -11.6 1.92 16.003  2.32 0.78 0.034
lightmap 4
prism stone_lt -11.6 0 16  2.5  4  0.02 1.44  -0.045 1.44  -0.045 1.53  0.02 1.53 axis x
prism stone_lt -11.6 0 16  2.5  4  0.02 2.31  -0.045 2.31  -0.045 2.4  0.02 2.4 axis x
box stone_lt -12.805 1.92 15.988  0.09 0.78 0.065
box stone_lt -10.395 1.92 15.988  0.09 0.78 0.065
lightmap 5
box shaft -7.4 1.92 16.003  2.32 0.78 0.034
lightmap 4
prism stone_lt -7.4 0 16  2.5  4  0.02 1.44  -0.045 1.44  -0.045 1.53  0.02 1.53 axis x
prism stone_lt -7.4 0 16  2.5  4  0.02 2.31  -0.045 2.31  -0.045 2.4  0.02 2.4 axis x
box stone_lt -8.605 1.92 15.988  0.09 0.78 0.065
box stone_lt -6.195 1.92 15.988  0.09 0.78 0.065
lightmap 6
prism stone_lt -9.5 0 16  13  6  0.02 3.28  -0.07 3.28  -0.15 3.37  -0.15 3.49  -0.06 3.6  0.02 3.6 axis x miter -1 0 0 0
box wall_hi -10.1 3.45 16.6  14.2 0.34 1.2 lm +z 0.5
box wall_hi -15.175 5.985 16.6  4.05 4.77 1.2 lm +z 0.5
box wall_hi -9.725 5.985 16.6  0.65 4.77 1.2 lm +z 0.5
box wall_hi -4.2 5.985 16.6  2.4 4.77 1.2 lm +z 0.5
box wall_hi -10.1 8.975 16.6  14.2 1.25 1.2 lm +z 0.5
box wall_hi -12.71 5.61 16.35  0.92 4.02 0.7
box wall_hi -10.49 5.61 16.35  0.92 4.02 0.7
box wall_hi -11.6 7.995 16.35  3.14 0.79 0.7
prism wall_hi 0 0 16.35  0.7  5  -12.25 6.8  -11.6 7.6  -11.6 7.64  -12.29 7.64  -12.29 6.8 axis z
prism wall_hi 0 0 16.35  0.7  5  -10.95 6.8  -11.6 7.6  -11.6 7.64  -10.91 7.64  -10.91 6.8 axis z
box wall_hi -8.96 5.61 16.35  0.92 4.02 0.7
box wall_hi -5.84 5.61 16.35  0.92 4.02 0.7
box wall_hi -7.4 7.995 16.35  4.04 0.79 0.7
prism wall_hi 0 0 16.35  0.7  5  -8.5 6.8  -7.4 7.6  -7.4 7.64  -8.54 7.64  -8.54 6.8 axis z
prism wall_hi 0 0 16.35  0.7  5  -6.3 6.8  -7.4 7.6  -7.4 7.64  -6.26 7.64  -6.26 6.8 axis z
lightmap 5
prism stone_lt 0 0 16.07  0.3  4  -12.49 3.6  -12.25 3.6  -12.25 6.8  -12.49 6.885 axis z
prism stone_lt 0 0 16.07  0.3  4  -12.25 6.8  -11.6 7.6  -11.6 7.981  -12.49 6.885 axis z
prism stone_lt 0 0 16.07  0.3  4  -10.71 3.6  -10.95 3.6  -10.95 6.8  -10.71 6.885 axis z
prism stone_lt 0 0 16.07  0.3  4  -10.95 6.8  -11.6 7.6  -11.6 7.981  -10.71 6.885 axis z
prism stone_lt 0 0 16.575  0.31  4  -12.25 3.6  -12.15 3.6  -12.15 6.764  -12.25 6.8 axis z
prism stone_lt 0 0 16.575  0.31  4  -12.15 6.764  -11.6 7.441  -11.6 7.6  -12.25 6.8 axis z
prism stone_lt 0 0 16.575  0.31  4  -10.95 3.6  -11.05 3.6  -11.05 6.764  -10.95 6.8 axis z
prism stone_lt 0 0 16.575  0.31  4  -11.05 6.764  -11.6 7.441  -11.6 7.6  -10.95 6.8 axis z
prism stone_lt -11.6 0 16  1.3  7  0.73 3.6  0.73 3.76  0.42 3.76  0 3.65  -0.16 3.65  -0.16 3.58  0 3.58 axis x
prism granite 0 0 16.03  0.34  4  -11.73 7.54  -11.47 7.54  -11.39 8.101  -11.81 8.101 axis z
lightmap 4
box bronze -11.6 4.9 16.6  1.14 0.08 0.08
box bronze -11.6 6.1 16.6  1.14 0.08 0.08
lightmap 5
prism stone_lt 0 0 16.07  0.3  4  -8.74 3.6  -8.5 3.6  -8.5 6.8  -8.74 6.922 axis z
prism stone_lt 0 0 16.07  0.3  4  -8.5 6.8  -7.4 7.6  -7.4 7.897  -8.74 6.922 axis z
prism stone_lt 0 0 16.07  0.3  4  -6.06 3.6  -6.3 3.6  -6.3 6.8  -6.06 6.922 axis z
prism stone_lt 0 0 16.07  0.3  4  -6.3 6.8  -7.4 7.6  -7.4 7.897  -6.06 6.922 axis z
prism stone_lt 0 0 16.575  0.31  4  -8.5 3.6  -8.4 3.6  -8.4 6.749  -8.5 6.8 axis z
prism stone_lt 0 0 16.575  0.31  4  -8.4 6.749  -7.4 7.476  -7.4 7.6  -8.5 6.8 axis z
prism stone_lt 0 0 16.575  0.31  4  -6.3 3.6  -6.4 3.6  -6.4 6.749  -6.3 6.8 axis z
prism stone_lt 0 0 16.575  0.31  4  -6.4 6.749  -7.4 7.476  -7.4 7.6  -6.3 6.8 axis z
prism stone_lt -7.4 0 16  2.2  7  0.73 3.6  0.73 3.76  0.42 3.76  0 3.65  -0.16 3.65  -0.16 3.58  0 3.58 axis x
prism onyx_teal 0 0 16.03  0.34  4  -7.53 7.54  -7.27 7.54  -7.19 8.017  -7.61 8.017 axis z
lightmap 2
prism glass_teal 0 0 16.615  0.03  4  -8.43 3.74  -7.4 3.74  -7.4 5.95  -8.43 6.699 axis z
prism glass_pale 0 0 16.615  0.03  4  -7.4 3.74  -6.37 3.74  -6.37 6.699  -7.4 5.95 axis z
prism glass_amber 0 0 16.615  0.03  6  -7.4 5.95  -6.37 6.699  -6.37 6.769  -7.4 7.506  -8.43 6.769  -8.43 6.699 axis z
lightmap 4
prism stone_lt 0 0 16.61  0.18  4  -7.455 3.74  -7.345 3.74  -7.345 5.95  -7.455 5.95 axis z
prism stone_lt 0 0 16.61  0.18  4  -7.4 5.875  -7.4 6.025  -8.489 6.817  -8.489 6.667 axis z
prism stone_lt 0 0 16.61  0.18  4  -7.4 5.875  -7.4 6.025  -6.311 6.817  -6.311 6.667 axis z
box bronze -7.4 5.95 16.5  0.2 0.2 0.06 rot 0 0 45
lightmap 5
prism stone_lt -9.5 0 16  13  8  0.02 8.15  -0.1 8.15  -0.1 8.29  -0.22 8.45  -0.22 8.59  -0.4 8.83  -0.4 9  0.02 9 axis x miter -1 0 0 0
lightmap 6
box stone_dk -13.7 0.63 15.875  1.06 1.26 0.29
box stone_lt -13.7 4.485 15.91  0.9 6.57 0.22
lightmap 4
prism stone_lt -13.7 0 16  1.1  5  0.02 7.73  -0.2 7.73  -0.3 7.95  -0.3 8.17  0.02 8.17 axis x
box onyx_amber -13.7 2.63 15.8  0.3 0.3 0.05 rot 0 0 45
lightmap 6
box stone_dk -9.5 0.63 15.875  1.06 1.26 0.29
box stone_lt -9.5 4.485 15.91  0.9 6.57 0.22
lightmap 4
prism stone_lt -9.5 0 16  1.1  5  0.02 7.73  -0.2 7.73  -0.3 7.95  -0.3 8.17  0.02 8.17 axis x
box onyx_amber -9.5 2.63 15.8  0.3 0.3 0.05 rot 0 0 45
lightmap 6
box stone_dk -5.3 0.63 15.875  1.06 1.26 0.29
box stone_lt -5.3 4.485 15.91  0.9 6.57 0.22
lightmap 4
prism stone_lt -5.3 0 16  1.1  5  0.02 7.73  -0.2 7.73  -0.3 7.95  -0.3 8.17  0.02 8.17 axis x
box onyx_amber -5.3 2.63 15.8  0.3 0.3 0.05 rot 0 0 45
box granite -9.5 -0.006 15.435  13 0.048 0.77
block 10.1 0.1 16.5  14.2 2.2 1.4
block 10.1 2.4 16.6  14.2 2.4 1.2
lightmap 8
box stone_dk 10.1 -0.04 16.5  14.2 1.92 1.4 lm +z 0.5 lm -y 0.5
lightmap 6
prism stone_lt 9.5 0 16  13  7  0.02 0.9  -0.2 0.9  -0.2 0.98  -0.13 1.1  -0.05 1.14  -0.05 1.2  0.02 1.2 axis x miter 0 0 1 0
lightmap 8
box stone 10.1 2.1 16.6  14.2 2.4 1.2 lm +z 0.5
lightmap 4
box onyx_teal 9.5 2.63 16.009  13 0.14 0.042
lightmap 5
box shaft 7.4 1.92 16.003  2.32 0.78 0.034
lightmap 4
prism stone_lt 7.4 0 16  2.5  4  0.02 1.44  -0.045 1.44  -0.045 1.53  0.02 1.53 axis x
prism stone_lt 7.4 0 16  2.5  4  0.02 2.31  -0.045 2.31  -0.045 2.4  0.02 2.4 axis x
box stone_lt 6.195 1.92 15.988  0.09 0.78 0.065
box stone_lt 8.605 1.92 15.988  0.09 0.78 0.065
lightmap 5
box shaft 11.6 1.92 16.003  2.32 0.78 0.034
lightmap 4
prism stone_lt 11.6 0 16  2.5  4  0.02 1.44  -0.045 1.44  -0.045 1.53  0.02 1.53 axis x
prism stone_lt 11.6 0 16  2.5  4  0.02 2.31  -0.045 2.31  -0.045 2.4  0.02 2.4 axis x
box stone_lt 10.395 1.92 15.988  0.09 0.78 0.065
box stone_lt 12.805 1.92 15.988  0.09 0.78 0.065
lightmap 6
prism stone_lt 9.5 0 16  13  6  0.02 3.28  -0.07 3.28  -0.15 3.37  -0.15 3.49  -0.06 3.6  0.02 3.6 axis x miter 0 0 1 0
box wall_hi 10.1 3.45 16.6  14.2 0.34 1.2 lm +z 0.5
box wall_hi 4.425 5.985 16.6  2.85 4.77 1.2 lm +z 0.5
box wall_hi 9.275 5.985 16.6  0.65 4.77 1.2 lm +z 0.5
box wall_hi 15.4 5.985 16.6  3.6 4.77 1.2 lm +z 0.5
box wall_hi 10.1 8.975 16.6  14.2 1.25 1.2 lm +z 0.5
box wall_hi 6.29 5.61 16.35  0.92 4.02 0.7
box wall_hi 8.51 5.61 16.35  0.92 4.02 0.7
box wall_hi 7.4 7.995 16.35  3.14 0.79 0.7
prism wall_hi 0 0 16.35  0.7  5  6.75 6.8  7.4 7.6  7.4 7.64  6.71 7.64  6.71 6.8 axis z
prism wall_hi 0 0 16.35  0.7  5  8.05 6.8  7.4 7.6  7.4 7.64  8.09 7.64  8.09 6.8 axis z
box wall_hi 10.04 5.61 16.35  0.92 4.02 0.7
box wall_hi 13.16 5.61 16.35  0.92 4.02 0.7
box wall_hi 11.6 7.995 16.35  4.04 0.79 0.7
prism wall_hi 0 0 16.35  0.7  5  10.5 6.8  11.6 7.6  11.6 7.64  10.46 7.64  10.46 6.8 axis z
prism wall_hi 0 0 16.35  0.7  5  12.7 6.8  11.6 7.6  11.6 7.64  12.74 7.64  12.74 6.8 axis z
lightmap 5
prism stone_lt 0 0 16.07  0.3  4  6.51 3.6  6.75 3.6  6.75 6.8  6.51 6.885 axis z
prism stone_lt 0 0 16.07  0.3  4  6.75 6.8  7.4 7.6  7.4 7.981  6.51 6.885 axis z
prism stone_lt 0 0 16.07  0.3  4  8.29 3.6  8.05 3.6  8.05 6.8  8.29 6.885 axis z
prism stone_lt 0 0 16.07  0.3  4  8.05 6.8  7.4 7.6  7.4 7.981  8.29 6.885 axis z
prism stone_lt 0 0 16.575  0.31  4  6.75 3.6  6.85 3.6  6.85 6.764  6.75 6.8 axis z
prism stone_lt 0 0 16.575  0.31  4  6.85 6.764  7.4 7.441  7.4 7.6  6.75 6.8 axis z
prism stone_lt 0 0 16.575  0.31  4  8.05 3.6  7.95 3.6  7.95 6.764  8.05 6.8 axis z
prism stone_lt 0 0 16.575  0.31  4  7.95 6.764  7.4 7.441  7.4 7.6  8.05 6.8 axis z
prism stone_lt 7.4 0 16  1.3  7  0.73 3.6  0.73 3.76  0.42 3.76  0 3.65  -0.16 3.65  -0.16 3.58  0 3.58 axis x
prism granite 0 0 16.03  0.34  4  7.27 7.54  7.53 7.54  7.61 8.101  7.19 8.101 axis z
lightmap 4
box bronze 7.4 4.9 16.6  1.14 0.08 0.08
box bronze 7.4 6.1 16.6  1.14 0.08 0.08
lightmap 5
prism stone_lt 0 0 16.07  0.3  4  10.26 3.6  10.5 3.6  10.5 6.8  10.26 6.922 axis z
prism stone_lt 0 0 16.07  0.3  4  10.5 6.8  11.6 7.6  11.6 7.897  10.26 6.922 axis z
prism stone_lt 0 0 16.07  0.3  4  12.94 3.6  12.7 3.6  12.7 6.8  12.94 6.922 axis z
prism stone_lt 0 0 16.07  0.3  4  12.7 6.8  11.6 7.6  11.6 7.897  12.94 6.922 axis z
prism stone_lt 0 0 16.575  0.31  4  10.5 3.6  10.6 3.6  10.6 6.749  10.5 6.8 axis z
prism stone_lt 0 0 16.575  0.31  4  10.6 6.749  11.6 7.476  11.6 7.6  10.5 6.8 axis z
prism stone_lt 0 0 16.575  0.31  4  12.7 3.6  12.6 3.6  12.6 6.749  12.7 6.8 axis z
prism stone_lt 0 0 16.575  0.31  4  12.6 6.749  11.6 7.476  11.6 7.6  12.7 6.8 axis z
prism stone_lt 11.6 0 16  2.2  7  0.73 3.6  0.73 3.76  0.42 3.76  0 3.65  -0.16 3.65  -0.16 3.58  0 3.58 axis x
prism onyx_teal 0 0 16.03  0.34  4  11.47 7.54  11.73 7.54  11.81 8.017  11.39 8.017 axis z
lightmap 2
prism glass_pale 0 0 16.615  0.03  4  10.57 3.74  11.6 3.74  11.6 5.95  10.57 6.699 axis z
prism glass_teal 0 0 16.615  0.03  4  11.6 3.74  12.63 3.74  12.63 6.699  11.6 5.95 axis z
prism glass_amber 0 0 16.615  0.03  6  11.6 5.95  12.63 6.699  12.63 6.769  11.6 7.506  10.57 6.769  10.57 6.699 axis z
lightmap 4
prism stone_lt 0 0 16.61  0.18  4  11.545 3.74  11.655 3.74  11.655 5.95  11.545 5.95 axis z
prism stone_lt 0 0 16.61  0.18  4  11.6 5.875  11.6 6.025  10.511 6.817  10.511 6.667 axis z
prism stone_lt 0 0 16.61  0.18  4  11.6 5.875  11.6 6.025  12.689 6.817  12.689 6.667 axis z
box bronze 11.6 5.95 16.5  0.2 0.2 0.06 rot 0 0 45
lightmap 5
prism stone_lt 9.5 0 16  13  8  0.02 8.15  -0.1 8.15  -0.1 8.29  -0.22 8.45  -0.22 8.59  -0.4 8.83  -0.4 9  0.02 9 axis x miter 0 0 1 0
lightmap 6
box stone_dk 5.3 0.63 15.875  1.06 1.26 0.29
box stone_lt 5.3 4.485 15.91  0.9 6.57 0.22
lightmap 4
prism stone_lt 5.3 0 16  1.1  5  0.02 7.73  -0.2 7.73  -0.3 7.95  -0.3 8.17  0.02 8.17 axis x
box onyx_amber 5.3 2.63 15.8  0.3 0.3 0.05 rot 0 0 45
lightmap 6
box stone_dk 9.5 0.63 15.875  1.06 1.26 0.29
box stone_lt 9.5 4.485 15.91  0.9 6.57 0.22
lightmap 4
prism stone_lt 9.5 0 16  1.1  5  0.02 7.73  -0.2 7.73  -0.3 7.95  -0.3 8.17  0.02 8.17 axis x
box onyx_amber 9.5 2.63 15.8  0.3 0.3 0.05 rot 0 0 45
lightmap 6
box stone_dk 13.7 0.63 15.875  1.06 1.26 0.29
box stone_lt 13.7 4.485 15.91  0.9 6.57 0.22
lightmap 4
prism stone_lt 13.7 0 16  1.1  5  0.02 7.73  -0.2 7.73  -0.3 7.95  -0.3 8.17  0.02 8.17 axis x
box onyx_amber 13.7 2.63 15.8  0.3 0.3 0.05 rot 0 0 45
box granite 9.5 -0.006 15.435  13 0.048 0.77
block -2.6 3 16.25  1.2 6 1.9
block 2.6 3 16.25  1.2 6 1.9
block 0 4.3 17.4  6.8 10.6 0.8
block 0 -0.5 16.6  6.4 1 1.2
lightmap 6
box stone_dk 0 4.3 17.4  6.8 10.6 0.8 lm +z 0.5
box granite 0 -0.5 16.6  6.4 1 1.2 lm -y 0.5
box wall_hi 0 7.8 16.75  6.4 3.6 0.9 lm +z 0.5
prism wall_hi 0 0 16.16  0.32  5  -3.2 6  -3.2 8.04  0 8.04  0 7.7  -2.6 6.4 axis z
prism wall_hi 0 0 16.16  0.32  5  3.2 6  3.2 8.04  0 8.04  0 7.7  2.6 6.4 axis z
box wall_hi 0 8.81 16.16  6 1.58 0.32
lightmap 5
prism stone_lt 0 0 16  6  8  0.02 8.15  -0.1 8.15  -0.1 8.29  -0.22 8.45  -0.22 8.59  -0.4 8.83  -0.4 9  0.02 9 axis x
lightmap 8
box stone_lt -2.6 2.81 16.25  1.2 5.62 1.9
lightmap 5
box stone_dk -2.6 0.4 15.64  1.34 0.8 0.82
box bronze -2.6 3.97 15.655  1.24 0.14 0.75
box onyx_teal -2.6 4.23 15.659  1.224 0.14 0.742
box stone_lt -2.6 5.8 16.205  1.38 0.4 1.99
lightmap 8
box stone_lt 2.6 2.81 16.25  1.2 5.62 1.9
lightmap 5
box stone_dk 2.6 0.4 15.64  1.34 0.8 0.82
box bronze 2.6 3.97 15.655  1.24 0.14 0.75
box onyx_teal 2.6 4.23 15.659  1.224 0.14 0.742
box stone_lt 2.6 5.8 16.205  1.38 0.4 1.99
lightmap 6
prism trim_dk 0 0 15.78  1.08  4  -2 6  -1.5 6.263  -1.942 7.104  -3.093 6 axis z
prism stone_lt 0 0 15.81  1.02  4  -1.5 6.263  -1 6.525  -1.442 7.366  -1.942 7.104 axis z
prism trim_dk 0 0 15.78  1.08  4  -1 6.525  -0.5 6.788  -0.942 7.629  -1.442 7.366 axis z
prism stone_lt 0 0 15.81  1.02  4  -0.5 6.788  -0.159 6.966  -0.601 7.807  -0.942 7.629 axis z
prism trim_dk 0 0 15.78  1.08  4  2 6  1.5 6.263  1.942 7.104  3.093 6 axis z
prism stone_lt 0 0 15.81  1.02  4  1.5 6.263  1 6.525  1.442 7.366  1.942 7.104 axis z
prism trim_dk 0 0 15.78  1.08  4  1 6.525  0.5 6.788  0.942 7.629  1.442 7.366 axis z
prism stone_lt 0 0 15.81  1.02  4  0.5 6.788  0.159 6.966  0.601 7.807  0.942 7.629 axis z
prism granite 0 0 15.74  1.16  4  -0.3 6.89  0.3 6.89  0.46 8.14  -0.46 8.14 axis z
lightmap 4
box onyx_teal 0 7.53 15.16  0.3 0.3 0.05 rot 0 0 45
box path 0 0.025 16.1  4 0.05 1.6
box bronze 0 0.063 16  3.8 0.025 0.24

# ── W 쪽 벽 (x -16, -16 … 16)
block -16.5 0.1 -10.1  1.4 2.2 14.2
block -16.6 2.4 -10.1  1.2 2.4 14.2
lightmap 8
box stone_dk -16.5 -0.04 -10.1  1.4 1.92 14.2 lm -x 0.5 lm -y 0.5
lightmap 6
prism stone_lt -16 0 -9.5  13  7  -0.02 0.9  0.2 0.9  0.2 0.98  0.13 1.1  0.05 1.14  0.05 1.2  -0.02 1.2 axis z miter 1 0 0 0
lightmap 8
box stone -16.6 2.1 -14.75  1.2 2.4 4.9 lm -x 0.5
box stone -16.6 2.1 -6.95  1.2 2.4 7.9 lm -x 0.5
lightmap 6
box stone -16.285 1.06 -11.6  0.57 0.32 1.44
box granite -16.875 2.09 -11.6  0.65 2.38 1.44 lm -x 0.5
box stone -16.285 3.15 -11.6  0.57 0.26 1.4
prism stone -16.285 0 0  0.57  5  -12.3 2.5  -11.6 3.02  -11.6 3.06  -12.34 3.06  -12.34 2.5 axis x
prism stone -16.285 0 0  0.57  5  -10.9 2.5  -11.6 3.02  -11.6 3.06  -10.86 3.06  -10.86 2.5 axis x
lightmap 5
prism stone_lt -16.04 0 0  0.2  4  -12.44 1.2  -12.3 1.2  -12.3 2.5  -12.44 2.57 axis x
prism stone_lt -16.04 0 0  0.2  4  -12.3 2.5  -11.6 3.02  -11.6 3.194  -12.44 2.57 axis x
prism stone_lt -16.04 0 0  0.2  4  -10.76 1.2  -10.9 1.2  -10.9 2.5  -10.76 2.57 axis x
prism stone_lt -16.04 0 0  0.2  4  -10.9 2.5  -11.6 3.02  -11.6 3.194  -10.76 2.57 axis x
box stone_lt -16.145 1.23 -11.6  0.81 0.06 1.68
prop brass_vase_a -16.26 1.26 -11.6  90 1
lightmap 4
box stone_lt -15.88 4.58 -11.6  0.44 0.16 1
prism stone_lt -16 0 -11.6  0.84  4  -0.1 4.2  0.04 4.2  0.26 4.5  -0.1 4.5 axis z
prop lion_head -15.86 4.66 -11.6  90 1.0
box onyx_teal -16.009 2.63 -14.22  0.042 0.14 3.56
box onyx_teal -16.009 2.63 -6.88  0.042 0.14 7.76
lightmap 5
box shaft -16.003 1.92 -7.4  0.034 0.78 2.32
lightmap 4
prism stone_lt -16 0 -7.4  2.5  4  -0.02 1.44  0.045 1.44  0.045 1.53  -0.02 1.53 axis z
prism stone_lt -16 0 -7.4  2.5  4  -0.02 2.31  0.045 2.31  0.045 2.4  -0.02 2.4 axis z
box stone_lt -15.987 1.92 -8.605  0.065 0.78 0.09
box stone_lt -15.987 1.92 -6.195  0.065 0.78 0.09
lightmap 6
prism stone_lt -16 0 -9.5  13  6  -0.02 3.28  0.07 3.28  0.15 3.37  0.15 3.49  0.06 3.6  -0.02 3.6 axis z miter 1 0 0 0
box wall_hi -16.6 3.45 -10.1  1.2 0.34 14.2 lm -x 0.5
box wall_hi -16.6 5.985 -13.075  1.2 4.77 8.25 lm -x 0.5
box wall_hi -16.6 5.985 -4.425  1.2 4.77 2.85 lm -x 0.5
box wall_hi -16.6 8.975 -10.1  1.2 1.25 14.2 lm -x 0.5
box wall_hi -16.35 5.61 -8.51  0.7 4.02 0.92
box wall_hi -16.35 5.61 -6.29  0.7 4.02 0.92
box wall_hi -16.35 7.995 -7.4  0.7 0.79 3.14
prism wall_hi -16.35 0 0  0.7  5  -8.05 6.8  -7.4 7.6  -7.4 7.64  -8.09 7.64  -8.09 6.8 axis x
prism wall_hi -16.35 0 0  0.7  5  -6.75 6.8  -7.4 7.6  -7.4 7.64  -6.71 7.64  -6.71 6.8 axis x
lightmap 5
prism stone_lt -16.07 0 0  0.3  4  -8.29 3.6  -8.05 3.6  -8.05 6.8  -8.29 6.885 axis x
prism stone_lt -16.07 0 0  0.3  4  -8.05 6.8  -7.4 7.6  -7.4 7.981  -8.29 6.885 axis x
prism stone_lt -16.07 0 0  0.3  4  -6.51 3.6  -6.75 3.6  -6.75 6.8  -6.51 6.885 axis x
prism stone_lt -16.07 0 0  0.3  4  -6.75 6.8  -7.4 7.6  -7.4 7.981  -6.51 6.885 axis x
prism stone_lt -16.575 0 0  0.31  4  -8.05 3.6  -7.95 3.6  -7.95 6.764  -8.05 6.8 axis x
prism stone_lt -16.575 0 0  0.31  4  -7.95 6.764  -7.4 7.441  -7.4 7.6  -8.05 6.8 axis x
prism stone_lt -16.575 0 0  0.31  4  -6.75 3.6  -6.85 3.6  -6.85 6.764  -6.75 6.8 axis x
prism stone_lt -16.575 0 0  0.31  4  -6.85 6.764  -7.4 7.441  -7.4 7.6  -6.75 6.8 axis x
prism stone_lt -16 0 -7.4  1.3  7  -0.73 3.6  -0.73 3.76  -0.42 3.76  0 3.65  0.16 3.65  0.16 3.58  0 3.58 axis z
prism granite -16.03 0 0  0.34  4  -7.53 7.54  -7.27 7.54  -7.19 8.101  -7.61 8.101 axis x
lightmap 4
box bronze -16.6 4.9 -7.4  0.08 0.08 1.14
box bronze -16.6 6.1 -7.4  0.08 0.08 1.14
lightmap 5
prism stone_lt -16 0 -9.5  13  8  -0.02 8.15  0.1 8.15  0.1 8.29  0.22 8.45  0.22 8.59  0.4 8.83  0.4 9  -0.02 9 axis z miter 1 0 0 0
lightmap 6
box stone_dk -15.875 0.63 -13.7  0.29 1.26 1.06
box stone_lt -15.91 4.485 -13.7  0.22 6.57 0.9
lightmap 4
prism stone_lt -16 0 -13.7  1.1  5  -0.02 7.73  0.2 7.73  0.3 7.95  0.3 8.17  -0.02 8.17 axis z
box onyx_amber -15.8 2.63 -13.7  0.05 0.3 0.3 rot 0 45 0
lightmap 6
box stone_dk -15.875 0.63 -9.5  0.29 1.26 1.06
box stone_lt -15.91 4.485 -9.5  0.22 6.57 0.9
lightmap 4
prism stone_lt -16 0 -9.5  1.1  5  -0.02 7.73  0.2 7.73  0.3 7.95  0.3 8.17  -0.02 8.17 axis z
box onyx_amber -15.8 2.63 -9.5  0.05 0.3 0.3 rot 0 45 0
lightmap 6
box stone_dk -15.875 0.63 -5.3  0.29 1.26 1.06
box stone_lt -15.91 4.485 -5.3  0.22 6.57 0.9
lightmap 4
prism stone_lt -16 0 -5.3  1.1  5  -0.02 7.73  0.2 7.73  0.3 7.95  0.3 8.17  -0.02 8.17 axis z
box onyx_amber -15.8 2.63 -5.3  0.05 0.3 0.3 rot 0 45 0
box granite -15.435 -0.006 -9.5  0.77 0.048 13
block -16.5 0.1 10.1  1.4 2.2 14.2
block -16.6 2.4 10.1  1.2 2.4 14.2
lightmap 8
box stone_dk -16.5 -0.04 10.1  1.4 1.92 14.2 lm -x 0.5 lm -y 0.5
lightmap 6
prism stone_lt -16 0 9.5  13  7  -0.02 0.9  0.2 0.9  0.2 0.98  0.13 1.1  0.05 1.14  0.05 1.2  -0.02 1.2 axis z miter 0 0 -1 0
lightmap 8
box stone -16.6 2.1 4.85  1.2 2.4 3.7 lm -x 0.5
box stone -16.6 2.1 12.65  1.2 2.4 9.1 lm -x 0.5
lightmap 6
box stone -16.285 1.06 7.4  0.57 0.32 1.44
box granite -16.875 2.09 7.4  0.65 2.38 1.44 lm -x 0.5
box stone -16.285 3.15 7.4  0.57 0.26 1.4
prism stone -16.285 0 0  0.57  5  6.7 2.5  7.4 3.02  7.4 3.06  6.66 3.06  6.66 2.5 axis x
prism stone -16.285 0 0  0.57  5  8.1 2.5  7.4 3.02  7.4 3.06  8.14 3.06  8.14 2.5 axis x
lightmap 5
prism stone_lt -16.04 0 0  0.2  4  6.56 1.2  6.7 1.2  6.7 2.5  6.56 2.57 axis x
prism stone_lt -16.04 0 0  0.2  4  6.7 2.5  7.4 3.02  7.4 3.194  6.56 2.57 axis x
prism stone_lt -16.04 0 0  0.2  4  8.24 1.2  8.1 1.2  8.1 2.5  8.24 2.57 axis x
prism stone_lt -16.04 0 0  0.2  4  8.1 2.5  7.4 3.02  7.4 3.194  8.24 2.57 axis x
box stone_lt -16.145 1.23 7.4  0.81 0.06 1.68
prop vase_b -16.26 1.26 7.4  90 1
lightmap 4
box stone_lt -15.88 4.58 7.4  0.44 0.16 1
prism stone_lt -16 0 7.4  0.84  4  -0.1 4.2  0.04 4.2  0.26 4.5  -0.1 4.5 axis z
prop bull_head -15.86 4.66 7.4  90 1.0
box onyx_teal -16.009 2.63 4.78  0.042 0.14 3.56
box onyx_teal -16.009 2.63 12.12  0.042 0.14 7.76
lightmap 5
box shaft -16.003 1.92 11.6  0.034 0.78 2.32
lightmap 4
prism stone_lt -16 0 11.6  2.5  4  -0.02 1.44  0.045 1.44  0.045 1.53  -0.02 1.53 axis z
prism stone_lt -16 0 11.6  2.5  4  -0.02 2.31  0.045 2.31  0.045 2.4  -0.02 2.4 axis z
box stone_lt -15.987 1.92 10.395  0.065 0.78 0.09
box stone_lt -15.987 1.92 12.805  0.065 0.78 0.09
lightmap 6
prism stone_lt -16 0 9.5  13  6  -0.02 3.28  0.07 3.28  0.15 3.37  0.15 3.49  0.06 3.6  -0.02 3.6 axis z miter 0 0 -1 0
box wall_hi -16.6 3.45 10.1  1.2 0.34 14.2 lm -x 0.5
box wall_hi -16.6 5.985 6.525  1.2 4.77 7.05 lm -x 0.5
box wall_hi -16.6 5.985 15.175  1.2 4.77 4.05 lm -x 0.5
box wall_hi -16.6 8.975 10.1  1.2 1.25 14.2 lm -x 0.5
box wall_hi -16.35 5.61 10.49  0.7 4.02 0.92
box wall_hi -16.35 5.61 12.71  0.7 4.02 0.92
box wall_hi -16.35 7.995 11.6  0.7 0.79 3.14
prism wall_hi -16.35 0 0  0.7  5  10.95 6.8  11.6 7.6  11.6 7.64  10.91 7.64  10.91 6.8 axis x
prism wall_hi -16.35 0 0  0.7  5  12.25 6.8  11.6 7.6  11.6 7.64  12.29 7.64  12.29 6.8 axis x
lightmap 5
prism stone_lt -16.07 0 0  0.3  4  10.71 3.6  10.95 3.6  10.95 6.8  10.71 6.885 axis x
prism stone_lt -16.07 0 0  0.3  4  10.95 6.8  11.6 7.6  11.6 7.981  10.71 6.885 axis x
prism stone_lt -16.07 0 0  0.3  4  12.49 3.6  12.25 3.6  12.25 6.8  12.49 6.885 axis x
prism stone_lt -16.07 0 0  0.3  4  12.25 6.8  11.6 7.6  11.6 7.981  12.49 6.885 axis x
prism stone_lt -16.575 0 0  0.31  4  10.95 3.6  11.05 3.6  11.05 6.764  10.95 6.8 axis x
prism stone_lt -16.575 0 0  0.31  4  11.05 6.764  11.6 7.441  11.6 7.6  10.95 6.8 axis x
prism stone_lt -16.575 0 0  0.31  4  12.25 3.6  12.15 3.6  12.15 6.764  12.25 6.8 axis x
prism stone_lt -16.575 0 0  0.31  4  12.15 6.764  11.6 7.441  11.6 7.6  12.25 6.8 axis x
prism stone_lt -16 0 11.6  1.3  7  -0.73 3.6  -0.73 3.76  -0.42 3.76  0 3.65  0.16 3.65  0.16 3.58  0 3.58 axis z
prism granite -16.03 0 0  0.34  4  11.47 7.54  11.73 7.54  11.81 8.101  11.39 8.101 axis x
lightmap 4
box bronze -16.6 4.9 11.6  0.08 0.08 1.14
box bronze -16.6 6.1 11.6  0.08 0.08 1.14
lightmap 5
prism stone_lt -16 0 9.5  13  8  -0.02 8.15  0.1 8.15  0.1 8.29  0.22 8.45  0.22 8.59  0.4 8.83  0.4 9  -0.02 9 axis z miter 0 0 -1 0
lightmap 6
box stone_dk -15.875 0.63 5.3  0.29 1.26 1.06
box stone_lt -15.91 4.485 5.3  0.22 6.57 0.9
lightmap 4
prism stone_lt -16 0 5.3  1.1  5  -0.02 7.73  0.2 7.73  0.3 7.95  0.3 8.17  -0.02 8.17 axis z
box onyx_amber -15.8 2.63 5.3  0.05 0.3 0.3 rot 0 45 0
lightmap 6
box stone_dk -15.875 0.63 9.5  0.29 1.26 1.06
box stone_lt -15.91 4.485 9.5  0.22 6.57 0.9
lightmap 4
prism stone_lt -16 0 9.5  1.1  5  -0.02 7.73  0.2 7.73  0.3 7.95  0.3 8.17  -0.02 8.17 axis z
box onyx_amber -15.8 2.63 9.5  0.05 0.3 0.3 rot 0 45 0
lightmap 6
box stone_dk -15.875 0.63 13.7  0.29 1.26 1.06
box stone_lt -15.91 4.485 13.7  0.22 6.57 0.9
lightmap 4
prism stone_lt -16 0 13.7  1.1  5  -0.02 7.73  0.2 7.73  0.3 7.95  0.3 8.17  -0.02 8.17 axis z
box onyx_amber -15.8 2.63 13.7  0.05 0.3 0.3 rot 0 45 0
box granite -15.435 -0.006 9.5  0.77 0.048 13
block -16.25 3 -2.6  1.9 6 1.2
block -16.25 3 2.6  1.9 6 1.2
block -17.4 4.3 0  0.8 10.6 6.8
block -16.6 -0.5 0  1.2 1 6.4
lightmap 6
box stone_dk -17.4 4.3 0  0.8 10.6 6.8 lm -x 0.5
box granite -16.6 -0.5 0  1.2 1 6.4 lm -y 0.5
box wall_hi -16.75 7.8 0  0.9 3.6 6.4 lm -x 0.5
prism wall_hi -16.16 0 0  0.32  5  -3.2 6  -3.2 8.04  0 8.04  0 7.7  -2.6 6.4 axis x
prism wall_hi -16.16 0 0  0.32  5  3.2 6  3.2 8.04  0 8.04  0 7.7  2.6 6.4 axis x
box wall_hi -16.16 8.81 0  0.32 1.58 6
lightmap 5
prism stone_lt -16 0 0  6  8  -0.02 8.15  0.1 8.15  0.1 8.29  0.22 8.45  0.22 8.59  0.4 8.83  0.4 9  -0.02 9 axis z
lightmap 8
box stone_lt -16.25 2.81 -2.6  1.9 5.62 1.2
lightmap 5
box stone_dk -15.64 0.4 -2.6  0.82 0.8 1.34
box bronze -15.655 3.97 -2.6  0.75 0.14 1.24
box onyx_teal -15.659 4.23 -2.6  0.742 0.14 1.224
box stone_lt -16.205 5.8 -2.6  1.99 0.4 1.38
lightmap 8
box stone_lt -16.25 2.81 2.6  1.9 5.62 1.2
lightmap 5
box stone_dk -15.64 0.4 2.6  0.82 0.8 1.34
box bronze -15.655 3.97 2.6  0.75 0.14 1.24
box onyx_teal -15.659 4.23 2.6  0.742 0.14 1.224
box stone_lt -16.205 5.8 2.6  1.99 0.4 1.38
lightmap 6
prism trim_dk -15.78 0 0  1.08  4  -2 6  -1.5 6.263  -1.942 7.104  -3.093 6 axis x
prism stone_lt -15.81 0 0  1.02  4  -1.5 6.263  -1 6.525  -1.442 7.366  -1.942 7.104 axis x
prism trim_dk -15.78 0 0  1.08  4  -1 6.525  -0.5 6.788  -0.942 7.629  -1.442 7.366 axis x
prism stone_lt -15.81 0 0  1.02  4  -0.5 6.788  -0.159 6.966  -0.601 7.807  -0.942 7.629 axis x
prism trim_dk -15.78 0 0  1.08  4  2 6  1.5 6.263  1.942 7.104  3.093 6 axis x
prism stone_lt -15.81 0 0  1.02  4  1.5 6.263  1 6.525  1.442 7.366  1.942 7.104 axis x
prism trim_dk -15.78 0 0  1.08  4  1 6.525  0.5 6.788  0.942 7.629  1.442 7.366 axis x
prism stone_lt -15.81 0 0  1.02  4  0.5 6.788  0.159 6.966  0.601 7.807  0.942 7.629 axis x
prism granite -15.74 0 0  1.16  4  -0.3 6.89  0.3 6.89  0.46 8.14  -0.46 8.14 axis x
lightmap 4
box onyx_teal -15.16 7.53 0  0.05 0.3 0.3 rot 0 45 0
box path -16.1 0.025 0  1.6 0.05 4
box bronze -16 0.063 0  0.24 0.025 3.8

# ── 천장과 들보
lightmap 3
box ceiling 0 9.3 -5.85  32 0.6 20.3 lm +y 0.25
box ceiling -6.25 9.3 6.1  19.5 0.6 3.6 lm +y 0.25
box ceiling 11.55 9.3 6.1  8.9 0.6 3.6 lm +y 0.25
box ceiling 0 9.3 11.95  32 0.6 8.1 lm +y 0.25
box stone_dk 5.3 9.8 4.15  4.2 0.4 0.3 lm +y 0.5
box stone_dk 5.3 9.8 8.05  4.2 0.4 0.3 lm +y 0.5
box stone_dk 3.35 9.8 6.1  0.3 0.4 3.6 lm +y 0.5
box stone_dk 7.25 9.8 6.1  0.3 0.4 3.6 lm +y 0.5
lightmap 4
box stone_lt 5.3 8.965 4.1  4.4 0.11 0.4
box stone_lt 5.3 8.965 8.1  4.4 0.11 0.4
box stone_lt 3.3 8.965 6.1  0.4 0.11 3.6
box stone_lt 7.3 8.965 6.1  0.4 0.11 3.6
prism trim_dk 0 0 0  32  6  -9 9  -8 9  -8 8.24  -8.14 8.1  -8.86 8.1  -9 8.24 axis x
prism stone_lt 0 0 -8.5  1.12  6  -16 8.12  -15.38 8.12  -15.38 8  -15.5 7.88  -15.84 7.38  -16 7.38 axis z
prism stone_lt 0 0 -8.5  1.12  6  16 8.12  15.38 8.12  15.38 8  15.5 7.88  15.84 7.38  16 7.38 axis z
prism trim_dk 0 0 0  32  6  8 9  9 9  9 8.24  8.86 8.1  8.14 8.1  8 8.24 axis x
prism stone_lt 0 0 8.5  1.12  6  -16 8.12  -15.38 8.12  -15.38 8  -15.5 7.88  -15.84 7.38  -16 7.38 axis z
prism stone_lt 0 0 8.5  1.12  6  16 8.12  15.38 8.12  15.38 8  15.5 7.88  15.84 7.38  16 7.38 axis z
prism trim_dk 0 0 0  32  6  -9 9  -8 9  -8 8.24  -8.14 8.1  -8.86 8.1  -9 8.24 axis z
prism stone_lt -8.5 0 0  1.12  6  -16 8.12  -15.38 8.12  -15.38 8  -15.5 7.88  -15.84 7.38  -16 7.38 axis x
prism stone_lt -8.5 0 0  1.12  6  16 8.12  15.38 8.12  15.38 8  15.5 7.88  15.84 7.38  16 7.38 axis x
prism trim_dk 0 0 0  32  6  8 9  9 9  9 8.24  8.86 8.1  8.14 8.1  8 8.24 axis z
prism stone_lt 8.5 0 0  1.12  6  -16 8.12  -15.38 8.12  -15.38 8  -15.5 7.88  -15.84 7.38  -16 7.38 axis x
prism stone_lt 8.5 0 0  1.12  6  16 8.12  15.38 8.12  15.38 8  15.5 7.88  15.84 7.38  16 7.38 axis x
lightmap 3
box trim_dk 0 8.9 -13.333  32 0.24 0.3
box trim_dk 0 8.9 -10.667  32 0.24 0.3
box trim_dk 0 8.9 -5.333  32 0.24 0.3
box trim_dk 0 8.9 -2.667  32 0.24 0.3
box trim_dk 0 8.9 0  32 0.24 0.3
box trim_dk 0 8.9 2.667  32 0.24 0.3
box trim_dk 0 8.9 10.667  32 0.24 0.3
box trim_dk 0 8.9 13.333  32 0.24 0.3
box trim_dk -13.333 8.9 0  0.3 0.24 32
box trim_dk -10.667 8.9 0  0.3 0.24 32
box trim_dk -5.333 8.9 0  0.3 0.24 32
box trim_dk -2.667 8.9 0  0.3 0.24 32
box trim_dk 0 8.9 0  0.3 0.24 32
box trim_dk 2.667 8.9 0  0.3 0.24 32
box trim_dk 10.667 8.9 0  0.3 0.24 32
box trim_dk 13.333 8.9 0  0.3 0.24 32

# ── 각기둥
block -8.5 0.35 -8.5  3 0.7 3
block -8.5 4.5 -8.5  2.2 7.6 2.2
lightmap 8
box stone_dk -8.5 0.25 -8.5  3 0.5 3 lm -y 0.5
lightmap 5
cyl stone_lt -8.5 0.62 -8.5  2.036 0.24 sides 4 top 1.725 rot 45 0 0
box stone_lt -8.5 0.83 -8.5  2.44 0.18 2.44
lightmap 8
prism shaft -8.5 4.35 -8.5  6.94  8  0.836 -1.1  1.1 -0.836  1.1 0.836  0.836 1.1  -0.836 1.1  -1.1 0.836  -1.1 -0.836  -0.836 -1.1
lightmap 4
prism bronze -8.5 2.62 -8.5  0.16  8  0.855 -1.125  1.125 -0.855  1.125 0.855  0.855 1.125  -0.855 1.125  -1.125 0.855  -1.125 -0.855  -0.855 -1.125
prism onyx_teal -8.5 2.86 -8.5  0.14  8  0.845 -1.112  1.112 -0.845  1.112 0.845  0.845 1.112  -0.845 1.112  -1.112 0.845  -1.112 -0.845  -0.845 -1.112
prism bronze -8.5 3.1 -8.5  0.08  8  0.855 -1.125  1.125 -0.855  1.125 0.855  0.855 1.125  -0.855 1.125  -1.125 0.855  -1.125 -0.855  -0.855 -1.125
lightmap 5
cyl stone_lt -8.5 7.98 -8.5  1.64 0.4 sides 4 top 2.065 rot 45 0 0
box stone_lt -8.5 8.3 -8.5  3.08 0.24 3.08
block 8.5 0.35 -8.5  3 0.7 3
block 8.5 4.5 -8.5  2.2 7.6 2.2
lightmap 8
box stone_dk 8.5 0.25 -8.5  3 0.5 3 lm -y 0.5
lightmap 5
cyl stone_lt 8.5 0.62 -8.5  2.036 0.24 sides 4 top 1.725 rot 45 0 0
box stone_lt 8.5 0.83 -8.5  2.44 0.18 2.44
lightmap 8
prism shaft 8.5 4.35 -8.5  6.94  8  0.836 -1.1  1.1 -0.836  1.1 0.836  0.836 1.1  -0.836 1.1  -1.1 0.836  -1.1 -0.836  -0.836 -1.1
lightmap 4
prism bronze 8.5 2.62 -8.5  0.16  8  0.855 -1.125  1.125 -0.855  1.125 0.855  0.855 1.125  -0.855 1.125  -1.125 0.855  -1.125 -0.855  -0.855 -1.125
prism onyx_teal 8.5 2.86 -8.5  0.14  8  0.845 -1.112  1.112 -0.845  1.112 0.845  0.845 1.112  -0.845 1.112  -1.112 0.845  -1.112 -0.845  -0.845 -1.112
prism bronze 8.5 3.1 -8.5  0.08  8  0.855 -1.125  1.125 -0.855  1.125 0.855  0.855 1.125  -0.855 1.125  -1.125 0.855  -1.125 -0.855  -0.855 -1.125
lightmap 5
cyl stone_lt 8.5 7.98 -8.5  1.64 0.4 sides 4 top 2.065 rot 45 0 0
box stone_lt 8.5 8.3 -8.5  3.08 0.24 3.08
block -8.5 0.35 8.5  3 0.7 3
block -8.5 4.5 8.5  2.2 7.6 2.2
lightmap 8
box stone_dk -8.5 0.25 8.5  3 0.5 3 lm -y 0.5
lightmap 5
cyl stone_lt -8.5 0.62 8.5  2.036 0.24 sides 4 top 1.725 rot 45 0 0
box stone_lt -8.5 0.83 8.5  2.44 0.18 2.44
lightmap 8
prism shaft -8.5 4.35 8.5  6.94  8  0.836 -1.1  1.1 -0.836  1.1 0.836  0.836 1.1  -0.836 1.1  -1.1 0.836  -1.1 -0.836  -0.836 -1.1
lightmap 4
prism bronze -8.5 2.62 8.5  0.16  8  0.855 -1.125  1.125 -0.855  1.125 0.855  0.855 1.125  -0.855 1.125  -1.125 0.855  -1.125 -0.855  -0.855 -1.125
prism onyx_teal -8.5 2.86 8.5  0.14  8  0.845 -1.112  1.112 -0.845  1.112 0.845  0.845 1.112  -0.845 1.112  -1.112 0.845  -1.112 -0.845  -0.845 -1.112
prism bronze -8.5 3.1 8.5  0.08  8  0.855 -1.125  1.125 -0.855  1.125 0.855  0.855 1.125  -0.855 1.125  -1.125 0.855  -1.125 -0.855  -0.855 -1.125
lightmap 5
cyl stone_lt -8.5 7.98 8.5  1.64 0.4 sides 4 top 2.065 rot 45 0 0
box stone_lt -8.5 8.3 8.5  3.08 0.24 3.08
block 8.5 0.35 8.5  3 0.7 3
block 8.5 4.5 8.5  2.2 7.6 2.2
lightmap 8
box stone_dk 8.5 0.25 8.5  3 0.5 3 lm -y 0.5
lightmap 5
cyl stone_lt 8.5 0.62 8.5  2.036 0.24 sides 4 top 1.725 rot 45 0 0
box stone_lt 8.5 0.83 8.5  2.44 0.18 2.44
lightmap 8
prism shaft 8.5 4.35 8.5  6.94  8  0.836 -1.1  1.1 -0.836  1.1 0.836  0.836 1.1  -0.836 1.1  -1.1 0.836  -1.1 -0.836  -0.836 -1.1
lightmap 4
prism bronze 8.5 2.62 8.5  0.16  8  0.855 -1.125  1.125 -0.855  1.125 0.855  0.855 1.125  -0.855 1.125  -1.125 0.855  -1.125 -0.855  -0.855 -1.125
prism onyx_teal 8.5 2.86 8.5  0.14  8  0.845 -1.112  1.112 -0.845  1.112 0.845  0.845 1.112  -0.845 1.112  -1.112 0.845  -1.112 -0.845  -0.845 -1.112
prism bronze 8.5 3.1 8.5  0.08  8  0.855 -1.125  1.125 -0.855  1.125 0.855  0.855 1.125  -0.855 1.125  -1.125 0.855  -1.125 -0.855  -0.855 -1.125
lightmap 5
cyl stone_lt 8.5 7.98 8.5  1.64 0.4 sides 4 top 2.065 rot 45 0 0
box stone_lt 8.5 8.3 8.5  3.08 0.24 3.08

# ── 손으로 적은 것 — 바닥 무늬, 단, 헤드론, 빛, 소품, 길의 점
lightmap 4
box path 0 0.012 0    2.6 0.024 31
box path 0 0.014 0   31 0.028 2.6
box onyx_teal  0 0.023 -12.5   25 0.016 0.35
box onyx_teal  0 0.023  12.5   25 0.016 0.35
box onyx_teal  -12.5 0.023 0   0.35 0.016 25
box onyx_teal   12.5 0.023 0   0.35 0.016 25
box onyx_amber 0 0.024 0   5.2 0.02 5.2 rot 45 0 0
box mosaic 0 0.03 0   4.4 0.02 4.4 rot 45 0 0
box moss  -13 0.012 -13.5   5 0.024 3
box moss   13 0.012  13     5 0.024 4
box moss  -13.5 0.012 9     3 0.024 6
box drift  12.6 0.01 -12.2   4.4 0.02 5 rot -30 0 0
# 어두운 북서쪽을 밝히는 등과 화덕
lightmap 4
box granite -15.58 2.5 -9.5  0.9 0.26 0.4
box stone_lt -15.8 2.22 -9.5  0.44 0.32 0.3
box bronze -15.28 2.68 -9.5  0.52 0.1 0.62
lightmap 0.5
oct rune -15.28 3.38 -9.5  0.22 0.5 0.22 rot -79 0 0
light -15.28 3.38 -9.5 #a9efe3 4.8 12 0.25
lightmap 4
box stone_lt -15.9 3.82 5.3  0.22 0.56 0.36
box bronze -15.48 3.98 5.3  1 0.07 0.16
box bronze -15.7 3.72 5.3  0.62 0.06 0.16 rot 0 0 40
prop brass_lantern -15.15 2.82 5.3  46 1.0
lightmap 0.5
oct flame -15.15 3.12 5.3  0.06 0.13 0.06
light -15.15 2.7 5.3 #ffc98a 4.2 11 0.22
lightmap 4
box stone_lt -5.3 3.82 -15.9  0.36 0.56 0.22
box bronze -5.3 3.98 -15.48  0.16 0.07 1
box bronze -5.3 3.72 -15.7  0.16 0.06 0.62 rot 0 -40 0
prop brass_lantern -5.3 2.82 -15.15  76 1.0
lightmap 0.5
oct flame -5.3 3.12 -15.15  0.06 0.13 0.06
light -5.3 2.7 -15.15 #ffc98a 4 10 0.22
lightmap 4
box granite 9.5 2.5 -15.58  0.4 0.26 0.9
box stone_lt 9.5 2.22 -15.8  0.3 0.32 0.44
box bronze 9.5 2.68 -15.28  0.62 0.1 0.52
lightmap 0.5
oct rune 9.5 3.38 -15.28  0.22 0.5 0.22 rot -8 0 0
light 9.5 3.38 -15.28 #a9efe3 3.6 10 0.25
lightmap 4
box stone_lt -9.5 3.82 15.9  0.36 0.56 0.22
box bronze -9.5 3.98 15.48  0.16 0.07 1
box bronze -9.5 3.72 15.7  0.16 0.06 0.62 rot 0 40 0
prop brass_lantern -9.5 2.82 15.15  23 1.0
lightmap 0.5
oct flame -9.5 3.12 15.15  0.06 0.13 0.06
light -9.5 2.7 15.15 #ffc98a 3.8 10 0.22
prop fire_pit -14.2 0 -14.2  236 1.0
lightmap 0.5
oct flame -14.2 0.62 -14.2  0.16 0.42 0.16 rot 20 0 0
oct flame -14.4 0.5 -14.08  0.11 0.26 0.11 rot 50 0 8
oct ember -14.02 0.46 -14.36  0.1 0.2 0.1 rot 75 0 -10
light -14.2 1.15 -14.2 #ffb46a 4.6 11 0.3
# 소품 — 구석의 기물과 바위, 기둥 발치의 잔해와 풀
prop rock_big_b   13.6 0 -13.8  100 0.8
prop rubble_a     11.6 0 -14.2   80 1.0
prop boulder     -13.8 0  13.6  160 0.9
prop fern_b      -11.6 0  13.9  330 1.0
prop barrel       14.4 0  14.4   50 1.0
prop barrel       13.0 0  14.6  110 1.0
prop crate        14.5 0  12.8   20 1.0
prop brass_pot    13.2 0  13.2  300 1.0
prop chest       -14.4 0  11.4   90 1.0
prop rubble_a     -6.6 0 -10.4   10 0.7
prop rubble_b     -7.0 0  -6.6  130 0.9
prop stone_b      10.4 0  -9.8  220 0.9
prop rubble_b     10.4 0   7.0   40 0.8
prop nettle_b     10.5 0  10.2  190 1.0
prop weed_b        6.6 0  10.3    0 1.0
prop root        -14.9 0  -2.0   90 1.0
waypoint 0 0 0
waypoint 0 0 -11.5
waypoint 11.5 0 0
waypoint 0 0 11.5
waypoint -11.5 0 0
waypoint -11.5 0 -11.5
waypoint 11.5 0 -11.5
waypoint 11.5 0 11.5
waypoint -11.5 0 11.5
