# 전투방 틀 — 십자. 네 팔이 가운데의 낮은 단에서 만나고, 단 위로 채광 구멍의 볕이 떨어진다.
# 이 파일은 game/tools/art/make-rooms.mjs 가 적는다 — 고치려면 그 도구의 틀 정의를 고쳐 다시 돌린다 (손으로 고친 것은 덮어쓰인다).
# 방 가운데가 원점, 바닥 윗면이 y 0, 북쪽이 -z. 칸은 32 m × 32 m 이고 문 자리는 칸의 변의 가운데(방 가운데에서 16 m)다 — 문 자리: N E S W.
# 틀은 닫힌 실내다 (바닥·벽·천장·창·문틀이 통째로) — 방마다 90 도 단위로 돌려 놓는다 (domain/dungeon.hpp). 빛은 이 좌표에서 굽는다: 해는 남동쪽이라 동·남쪽 벽의 창과 천장의 채광 구멍으로 볕이 든다.
# 하늘거주지(코르 마킨디 제국이 띄운 부유 요새의 유적 — docs/lore.md)의 내부. 그 내부의 생김새는 공식 자료에 없어 이 게임이 지었다:
# 검게 풍화된 돌의 높은 홀, 각진 아치와 모따기한 각기둥, 몰딩과 벽기둥, 청록·호박색 오닉스와 삭은 청동, 색유리창, 룬빛 헤드론과 등불. 탁류가 찢은 바닥은 검은 심연으로 이어진다.
# 도형은 부딪히지 않는다 — 충돌은 block 줄이 낸다 (밑단·벽·문설주·기둥의 단순한 상자).

# 벽 — 아랫단의 애슐러, 윗단의 잔 블록, 밑단
material stone      medieval_blocks_03 2.6 #a7abb0
material wall_hi    white_sandstone_blocks_02 2.4 #969da9
material stone_dk   seaworn_stone_tiles 2.2 #79828c
# 다듬은 돌 — 몰딩·벽기둥·창틀·아치, 들보와 우물천장의 살, 기둥의 몸
material stone_lt   marble_01 2.0 #b9bcc0
material trim_dk    marble_01 2.0 #717984
material shaft      travertine014 2.0 #959da6
material granite    granite_tile 1.6
# 바닥 — 판석, 돌길, 가운데 무늬의 모자이크
material floor      stone_tiles_02 2.6 #a0a7ae
material path       marble_01 2.0 #b5b5ad
material mosaic     marble_mosaic_tiles 1.6
material ceiling    sandstone_cracks 3.0 #808994
material abyss      stone_tiles_02 3.0 #000000
# 포인트 — 청록 오닉스, 호박색 오닉스, 삭은 청동
material onyx_teal  onyx006 1.4
material onyx_amber onyx007 1.4
material bronze     metal017 1.2
# 색유리 — 납 격자에 청록·호박색·옅은 흰빛 조각. 화면에서는 유리 조각이 빛나고, 굽기에서는 지나는 볕에 조각의 색이 곱해진다 (납선은 막는다).
# 창살이 가른 칸마다 유리의 빛깔이 다르다 (청록 칸, 호박색 칸, 옅은 칸) — 해 원반의 반그림자(7 m 에서 0.4 m 쯤)가 잔 조각의 무늬는 뭉개도 칸의 빛깔은 바닥에 또렷이 남는다
material glass_teal  glass_window_001 3.4 #8fe6d8 glass
material glass_amber glass_window_001 3.4 #ffc98a glass
material glass_pale  glass_window_001 3.4 #fff3dd glass
material moss       mossy_rock 3.0
material drift      sand_01 1.5
material hedron     travertine014 2.0 #c8c5bc
# 스스로 빛나는 것 — 룬빛 헤드론 조각, 불씨, 불꽃
color rune      #63e0cf glow
color ember     #ffb45e glow
color flame     #ff9a3c glow
solid off

# ── 바닥
lightmap 10
block 0 -0.5 0  12 1 32
box floor 0 -0.5 0  12 1 32 lm -y 0.25
block -11 -0.5 0  10 1 12
box floor -11 -0.5 0  10 1 12 lm -y 0.25
block 11 -0.5 0  10 1 12
box floor 11 -0.5 0  10 1 12 lm -y 0.25

# ── N 쪽 벽 (z -16, -6 … 6)
block -5.1 0.1 -16.5  4.2 2.2 1.4
block -5.1 5.4 -16.6  4.2 8.4 1.2
lightmap 8
box stone_dk -5.1 -0.04 -16.5  4.2 1.92 1.4 lm -z 0.5 lm -y 0.5
lightmap 6
prism stone_lt -4.5 0 -16  3  7  -0.02 0.9  0.2 0.9  0.2 0.98  0.13 1.1  0.05 1.14  0.05 1.2  -0.02 1.2 axis x miter 1 0 0 0
lightmap 8
box stone -5.1 2.1 -16.6  4.2 2.4 1.2 lm -z 0.5
lightmap 4
box onyx_teal -4.5 2.63 -16.009  3 0.14 0.042
lightmap 6
prism stone_lt -4.5 0 -16  3  6  -0.02 3.28  0.07 3.28  0.15 3.37  0.15 3.49  0.06 3.6  -0.02 3.6 axis x miter 1 0 0 0
box wall_hi -5.1 6.44 -16.6  4.2 6.32 1.2 lm -z 0.5
lightmap 5
prism stone_lt -4.5 0 -16  3  8  -0.02 8.15  0.1 8.15  0.1 8.29  0.22 8.45  0.22 8.59  0.4 8.83  0.4 9  -0.02 9 axis x miter 1 0 0 0
lightmap 4
box granite -4.5 -0.006 -15.435  3 0.048 0.77
block 5.1 0.1 -16.5  4.2 2.2 1.4
block 5.1 5.4 -16.6  4.2 8.4 1.2
lightmap 8
box stone_dk 5.1 -0.04 -16.5  4.2 1.92 1.4 lm -z 0.5 lm -y 0.5
lightmap 6
prism stone_lt 4.5 0 -16  3  7  -0.02 0.9  0.2 0.9  0.2 0.98  0.13 1.1  0.05 1.14  0.05 1.2  -0.02 1.2 axis x miter 0 0 -1 0
lightmap 8
box stone 5.1 2.1 -16.6  4.2 2.4 1.2 lm -z 0.5
lightmap 4
box onyx_teal 4.5 2.63 -16.009  3 0.14 0.042
lightmap 6
prism stone_lt 4.5 0 -16  3  6  -0.02 3.28  0.07 3.28  0.15 3.37  0.15 3.49  0.06 3.6  -0.02 3.6 axis x miter 0 0 -1 0
box wall_hi 5.1 6.44 -16.6  4.2 6.32 1.2 lm -z 0.5
lightmap 5
prism stone_lt 4.5 0 -16  3  8  -0.02 8.15  0.1 8.15  0.1 8.29  0.22 8.45  0.22 8.59  0.4 8.83  0.4 9  -0.02 9 axis x miter 0 0 -1 0
lightmap 4
box granite 4.5 -0.006 -15.435  3 0.048 0.77
block -2.6 3 -16.25  1.2 6 1.9
block 2.6 3 -16.25  1.2 6 1.9
block 0 4.3 -17.4  6.8 10.6 0.8
block 0 -0.5 -16.6  6.4 1 1.2
lightmap 6
box stone_dk 0 4.3 -17.4  6.8 10.6 0.8 lm -z 0.5
box granite 0 -0.5 -16.6  6.4 1 1.2 lm -y 0.5
box wall_hi 0 7.8 -16.75  6.4 3.6 0.9 lm -z 0.5
prism wall_hi 0 0 -16.16  0.32  5  -3.2 6  -3.2 8.04  0 8.04  0 7.7  -2.6 6.4 axis z
prism wall_hi 0 0 -16.16  0.32  5  3.2 6  3.2 8.04  0 8.04  0 7.7  2.6 6.4 axis z
box wall_hi 0 8.81 -16.16  6 1.58 0.32
lightmap 5
prism stone_lt 0 0 -16  6  8  -0.02 8.15  0.1 8.15  0.1 8.29  0.22 8.45  0.22 8.59  0.4 8.83  0.4 9  -0.02 9 axis x
lightmap 8
box stone_lt -2.6 2.81 -16.25  1.2 5.62 1.9
lightmap 5
box stone_dk -2.6 0.4 -15.64  1.34 0.8 0.82
box bronze -2.6 3.97 -15.655  1.24 0.14 0.75
box onyx_teal -2.6 4.23 -15.659  1.224 0.14 0.742
box stone_lt -2.6 5.8 -16.205  1.38 0.4 1.99
lightmap 8
box stone_lt 2.6 2.81 -16.25  1.2 5.62 1.9
lightmap 5
box stone_dk 2.6 0.4 -15.64  1.34 0.8 0.82
box bronze 2.6 3.97 -15.655  1.24 0.14 0.75
box onyx_teal 2.6 4.23 -15.659  1.224 0.14 0.742
box stone_lt 2.6 5.8 -16.205  1.38 0.4 1.99
lightmap 6
prism trim_dk 0 0 -15.78  1.08  4  -2 6  -1.5 6.263  -1.942 7.104  -3.093 6 axis z
prism stone_lt 0 0 -15.81  1.02  4  -1.5 6.263  -1 6.525  -1.442 7.366  -1.942 7.104 axis z
prism trim_dk 0 0 -15.78  1.08  4  -1 6.525  -0.5 6.788  -0.942 7.629  -1.442 7.366 axis z
prism stone_lt 0 0 -15.81  1.02  4  -0.5 6.788  -0.159 6.966  -0.601 7.807  -0.942 7.629 axis z
prism trim_dk 0 0 -15.78  1.08  4  2 6  1.5 6.263  1.942 7.104  3.093 6 axis z
prism stone_lt 0 0 -15.81  1.02  4  1.5 6.263  1 6.525  1.442 7.366  1.942 7.104 axis z
prism trim_dk 0 0 -15.78  1.08  4  1 6.525  0.5 6.788  0.942 7.629  1.442 7.366 axis z
prism stone_lt 0 0 -15.81  1.02  4  0.5 6.788  0.159 6.966  0.601 7.807  0.942 7.629 axis z
prism granite 0 0 -15.74  1.16  4  -0.3 6.89  0.3 6.89  0.46 8.14  -0.46 8.14 axis z
lightmap 4
box onyx_teal 0 7.53 -15.16  0.3 0.3 0.05 rot 0 0 45
box path 0 0.025 -16.1  4 0.05 1.6
box bronze 0 0.063 -16  3.8 0.025 0.24

# ── N 쪽 벽 (z -6, -16 … -6)
block -11.6 0.1 -6.5  11.2 2.2 1.4
block -11.6 5.4 -6.6  11.2 8.4 1.2
lightmap 8
box stone_dk -11.5 -0.04 -6.5  11.4 1.92 1.4 lm -z 0.5 lm -y 0.5
lightmap 6
prism stone_lt -11 0 -6  10  7  -0.02 0.9  0.2 0.9  0.2 0.98  0.13 1.1  0.05 1.14  0.05 1.2  -0.02 1.2 axis x miter 1 0 1 0
lightmap 8
box stone -11.6 2.1 -6.6  11.2 2.4 1.2 lm -z 0.5
lightmap 4
box onyx_teal -11 2.63 -6.009  10 0.14 0.042
lightmap 5
box shaft -13.1 1.92 -6.003  2.32 0.78 0.034
lightmap 4
prism stone_lt -13.1 0 -6  2.5  4  -0.02 1.44  0.045 1.44  0.045 1.53  -0.02 1.53 axis x
prism stone_lt -13.1 0 -6  2.5  4  -0.02 2.31  0.045 2.31  0.045 2.4  -0.02 2.4 axis x
box stone_lt -14.305 1.92 -5.987  0.09 0.78 0.065
box stone_lt -11.895 1.92 -5.987  0.09 0.78 0.065
lightmap 5
box shaft -8.9 1.92 -6.003  2.32 0.78 0.034
lightmap 4
prism stone_lt -8.9 0 -6  2.5  4  -0.02 1.44  0.045 1.44  0.045 1.53  -0.02 1.53 axis x
prism stone_lt -8.9 0 -6  2.5  4  -0.02 2.31  0.045 2.31  0.045 2.4  -0.02 2.4 axis x
box stone_lt -10.105 1.92 -5.987  0.09 0.78 0.065
box stone_lt -7.695 1.92 -5.987  0.09 0.78 0.065
box stone_lt -6.212 1.483 -5.992  0.495 0.481 0.055
box stone_lt -6.373 1.988 -5.992  0.815 0.481 0.055
box stone_lt -6.212 2.493 -5.992  0.495 0.481 0.055
box stone_lt -6.373 2.998 -5.992  0.815 0.481 0.055
box stone_lt -6.212 3.855 -5.992  0.495 0.425 0.055
box stone_lt -6.373 4.304 -5.992  0.815 0.425 0.055
box stone_lt -6.212 4.753 -5.992  0.495 0.425 0.055
box stone_lt -6.373 5.202 -5.992  0.815 0.425 0.055
box stone_lt -6.212 5.651 -5.992  0.495 0.425 0.055
box stone_lt -6.373 6.1 -5.992  0.815 0.425 0.055
box stone_lt -6.212 6.549 -5.992  0.495 0.425 0.055
box stone_lt -6.373 6.998 -5.992  0.815 0.425 0.055
box stone_lt -6.212 7.447 -5.992  0.495 0.425 0.055
box stone_lt -6.373 7.896 -5.992  0.815 0.425 0.055
lightmap 6
prism stone_lt -11 0 -6  10  6  -0.02 3.28  0.07 3.28  0.15 3.37  0.15 3.49  0.06 3.6  -0.02 3.6 axis x miter 1 0 1 0
box wall_hi -11.6 3.45 -6.6  11.2 0.34 1.2 lm -z 0.5
box wall_hi -15.925 5.985 -6.6  2.55 4.77 1.2 lm -z 0.5
box wall_hi -11 5.985 -6.6  1.1 4.77 1.2 lm -z 0.5
box wall_hi -6.675 5.985 -6.6  1.35 4.77 1.2 lm -z 0.5
box wall_hi -11.6 8.975 -6.6  11.2 1.25 1.2 lm -z 0.5
box wall_hi -14.21 5.61 -6.35  0.92 4.02 0.7
box wall_hi -11.99 5.61 -6.35  0.92 4.02 0.7
box wall_hi -13.1 7.995 -6.35  3.14 0.79 0.7
prism wall_hi 0 0 -6.35  0.7  5  -13.75 6.8  -13.1 7.6  -13.1 7.64  -13.79 7.64  -13.79 6.8 axis z
prism wall_hi 0 0 -6.35  0.7  5  -12.45 6.8  -13.1 7.6  -13.1 7.64  -12.41 7.64  -12.41 6.8 axis z
box wall_hi -10.01 5.61 -6.35  0.92 4.02 0.7
box wall_hi -7.79 5.61 -6.35  0.92 4.02 0.7
box wall_hi -8.9 7.995 -6.35  3.14 0.79 0.7
prism wall_hi 0 0 -6.35  0.7  5  -9.55 6.8  -8.9 7.6  -8.9 7.64  -9.59 7.64  -9.59 6.8 axis z
prism wall_hi 0 0 -6.35  0.7  5  -8.25 6.8  -8.9 7.6  -8.9 7.64  -8.21 7.64  -8.21 6.8 axis z
lightmap 5
prism stone_lt 0 0 -6.07  0.3  4  -13.99 3.6  -13.75 3.6  -13.75 6.8  -13.99 6.885 axis z
prism stone_lt 0 0 -6.07  0.3  4  -13.75 6.8  -13.1 7.6  -13.1 7.981  -13.99 6.885 axis z
prism stone_lt 0 0 -6.07  0.3  4  -12.21 3.6  -12.45 3.6  -12.45 6.8  -12.21 6.885 axis z
prism stone_lt 0 0 -6.07  0.3  4  -12.45 6.8  -13.1 7.6  -13.1 7.981  -12.21 6.885 axis z
prism stone_lt 0 0 -6.575  0.31  4  -13.75 3.6  -13.65 3.6  -13.65 6.764  -13.75 6.8 axis z
prism stone_lt 0 0 -6.575  0.31  4  -13.65 6.764  -13.1 7.441  -13.1 7.6  -13.75 6.8 axis z
prism stone_lt 0 0 -6.575  0.31  4  -12.45 3.6  -12.55 3.6  -12.55 6.764  -12.45 6.8 axis z
prism stone_lt 0 0 -6.575  0.31  4  -12.55 6.764  -13.1 7.441  -13.1 7.6  -12.45 6.8 axis z
prism stone_lt -13.1 0 -6  1.3  7  -0.73 3.6  -0.73 3.76  -0.42 3.76  0 3.65  0.16 3.65  0.16 3.58  0 3.58 axis x
prism granite 0 0 -6.03  0.34  4  -13.23 7.54  -12.97 7.54  -12.89 8.101  -13.31 8.101 axis z
lightmap 4
box bronze -13.1 4.9 -6.6  1.14 0.08 0.08
box bronze -13.1 6.1 -6.6  1.14 0.08 0.08
lightmap 5
prism stone_lt 0 0 -6.07  0.3  4  -9.79 3.6  -9.55 3.6  -9.55 6.8  -9.79 6.885 axis z
prism stone_lt 0 0 -6.07  0.3  4  -9.55 6.8  -8.9 7.6  -8.9 7.981  -9.79 6.885 axis z
prism stone_lt 0 0 -6.07  0.3  4  -8.01 3.6  -8.25 3.6  -8.25 6.8  -8.01 6.885 axis z
prism stone_lt 0 0 -6.07  0.3  4  -8.25 6.8  -8.9 7.6  -8.9 7.981  -8.01 6.885 axis z
prism stone_lt 0 0 -6.575  0.31  4  -9.55 3.6  -9.45 3.6  -9.45 6.764  -9.55 6.8 axis z
prism stone_lt 0 0 -6.575  0.31  4  -9.45 6.764  -8.9 7.441  -8.9 7.6  -9.55 6.8 axis z
prism stone_lt 0 0 -6.575  0.31  4  -8.25 3.6  -8.35 3.6  -8.35 6.764  -8.25 6.8 axis z
prism stone_lt 0 0 -6.575  0.31  4  -8.35 6.764  -8.9 7.441  -8.9 7.6  -8.25 6.8 axis z
prism stone_lt -8.9 0 -6  1.3  7  -0.73 3.6  -0.73 3.76  -0.42 3.76  0 3.65  0.16 3.65  0.16 3.58  0 3.58 axis x
prism granite 0 0 -6.03  0.34  4  -9.03 7.54  -8.77 7.54  -8.69 8.101  -9.11 8.101 axis z
lightmap 4
box bronze -8.9 4.9 -6.6  1.14 0.08 0.08
box bronze -8.9 6.1 -6.6  1.14 0.08 0.08
lightmap 5
prism stone_lt -11 0 -6  10  8  -0.02 8.15  0.1 8.15  0.1 8.29  0.22 8.45  0.22 8.59  0.4 8.83  0.4 9  -0.02 9 axis x miter 1 0 1 0
lightmap 6
box stone_dk -15.2 0.63 -5.875  1.06 1.26 0.29
box stone_lt -15.2 4.485 -5.91  0.9 6.57 0.22
lightmap 4
prism stone_lt -15.2 0 -6  1.1  5  -0.02 7.73  0.2 7.73  0.3 7.95  0.3 8.17  -0.02 8.17 axis x
box onyx_amber -15.2 2.63 -5.8  0.3 0.3 0.05 rot 0 0 45
lightmap 6
box stone_dk -11 0.63 -5.875  1.06 1.26 0.29
box stone_lt -11 4.485 -5.91  0.9 6.57 0.22
lightmap 4
prism stone_lt -11 0 -6  1.1  5  -0.02 7.73  0.2 7.73  0.3 7.95  0.3 8.17  -0.02 8.17 axis x
box onyx_amber -11 2.63 -5.8  0.3 0.3 0.05 rot 0 0 45
lightmap 6
box stone_dk -6.8 0.63 -5.875  1.06 1.26 0.29
box stone_lt -6.8 4.485 -5.91  0.9 6.57 0.22
lightmap 4
prism stone_lt -6.8 0 -6  1.1  5  -0.02 7.73  0.2 7.73  0.3 7.95  0.3 8.17  -0.02 8.17 axis x
box onyx_amber -6.8 2.63 -5.8  0.3 0.3 0.05 rot 0 0 45
box granite -11 -0.006 -5.435  10 0.048 0.77

# ── N 쪽 벽 (z -6, 6 … 16)
block 11.6 0.1 -6.5  11.2 2.2 1.4
block 11.6 5.4 -6.6  11.2 8.4 1.2
lightmap 8
box stone_dk 11.5 -0.04 -6.5  11.4 1.92 1.4 lm -z 0.5 lm -y 0.5
lightmap 6
prism stone_lt 11 0 -6  10  7  -0.02 0.9  0.2 0.9  0.2 0.98  0.13 1.1  0.05 1.14  0.05 1.2  -0.02 1.2 axis x miter -1 0 -1 0
lightmap 8
box stone 11.6 2.1 -6.6  11.2 2.4 1.2 lm -z 0.5
lightmap 4
box onyx_teal 11 2.63 -6.009  10 0.14 0.042
lightmap 5
box shaft 8.9 1.92 -6.003  2.32 0.78 0.034
lightmap 4
prism stone_lt 8.9 0 -6  2.5  4  -0.02 1.44  0.045 1.44  0.045 1.53  -0.02 1.53 axis x
prism stone_lt 8.9 0 -6  2.5  4  -0.02 2.31  0.045 2.31  0.045 2.4  -0.02 2.4 axis x
box stone_lt 7.695 1.92 -5.987  0.09 0.78 0.065
box stone_lt 10.105 1.92 -5.987  0.09 0.78 0.065
lightmap 5
box shaft 13.1 1.92 -6.003  2.32 0.78 0.034
lightmap 4
prism stone_lt 13.1 0 -6  2.5  4  -0.02 1.44  0.045 1.44  0.045 1.53  -0.02 1.53 axis x
prism stone_lt 13.1 0 -6  2.5  4  -0.02 2.31  0.045 2.31  0.045 2.4  -0.02 2.4 axis x
box stone_lt 11.895 1.92 -5.987  0.09 0.78 0.065
box stone_lt 14.305 1.92 -5.987  0.09 0.78 0.065
box stone_lt 6.213 1.483 -5.992  0.495 0.481 0.055
box stone_lt 6.373 1.988 -5.992  0.815 0.481 0.055
box stone_lt 6.213 2.493 -5.992  0.495 0.481 0.055
box stone_lt 6.373 2.998 -5.992  0.815 0.481 0.055
box stone_lt 6.213 3.855 -5.992  0.495 0.425 0.055
box stone_lt 6.373 4.304 -5.992  0.815 0.425 0.055
box stone_lt 6.213 4.753 -5.992  0.495 0.425 0.055
box stone_lt 6.373 5.202 -5.992  0.815 0.425 0.055
box stone_lt 6.213 5.651 -5.992  0.495 0.425 0.055
box stone_lt 6.373 6.1 -5.992  0.815 0.425 0.055
box stone_lt 6.213 6.549 -5.992  0.495 0.425 0.055
box stone_lt 6.373 6.998 -5.992  0.815 0.425 0.055
box stone_lt 6.213 7.447 -5.992  0.495 0.425 0.055
box stone_lt 6.373 7.896 -5.992  0.815 0.425 0.055
lightmap 6
prism stone_lt 11 0 -6  10  6  -0.02 3.28  0.07 3.28  0.15 3.37  0.15 3.49  0.06 3.6  -0.02 3.6 axis x miter -1 0 -1 0
box wall_hi 11.6 3.45 -6.6  11.2 0.34 1.2 lm -z 0.5
box wall_hi 6.675 5.985 -6.6  1.35 4.77 1.2 lm -z 0.5
box wall_hi 11 5.985 -6.6  1.1 4.77 1.2 lm -z 0.5
box wall_hi 15.925 5.985 -6.6  2.55 4.77 1.2 lm -z 0.5
box wall_hi 11.6 8.975 -6.6  11.2 1.25 1.2 lm -z 0.5
box wall_hi 7.79 5.61 -6.35  0.92 4.02 0.7
box wall_hi 10.01 5.61 -6.35  0.92 4.02 0.7
box wall_hi 8.9 7.995 -6.35  3.14 0.79 0.7
prism wall_hi 0 0 -6.35  0.7  5  8.25 6.8  8.9 7.6  8.9 7.64  8.21 7.64  8.21 6.8 axis z
prism wall_hi 0 0 -6.35  0.7  5  9.55 6.8  8.9 7.6  8.9 7.64  9.59 7.64  9.59 6.8 axis z
box wall_hi 11.99 5.61 -6.35  0.92 4.02 0.7
box wall_hi 14.21 5.61 -6.35  0.92 4.02 0.7
box wall_hi 13.1 7.995 -6.35  3.14 0.79 0.7
prism wall_hi 0 0 -6.35  0.7  5  12.45 6.8  13.1 7.6  13.1 7.64  12.41 7.64  12.41 6.8 axis z
prism wall_hi 0 0 -6.35  0.7  5  13.75 6.8  13.1 7.6  13.1 7.64  13.79 7.64  13.79 6.8 axis z
lightmap 5
prism stone_lt 0 0 -6.07  0.3  4  8.01 3.6  8.25 3.6  8.25 6.8  8.01 6.885 axis z
prism stone_lt 0 0 -6.07  0.3  4  8.25 6.8  8.9 7.6  8.9 7.981  8.01 6.885 axis z
prism stone_lt 0 0 -6.07  0.3  4  9.79 3.6  9.55 3.6  9.55 6.8  9.79 6.885 axis z
prism stone_lt 0 0 -6.07  0.3  4  9.55 6.8  8.9 7.6  8.9 7.981  9.79 6.885 axis z
prism stone_lt 0 0 -6.575  0.31  4  8.25 3.6  8.35 3.6  8.35 6.764  8.25 6.8 axis z
prism stone_lt 0 0 -6.575  0.31  4  8.35 6.764  8.9 7.441  8.9 7.6  8.25 6.8 axis z
prism stone_lt 0 0 -6.575  0.31  4  9.55 3.6  9.45 3.6  9.45 6.764  9.55 6.8 axis z
prism stone_lt 0 0 -6.575  0.31  4  9.45 6.764  8.9 7.441  8.9 7.6  9.55 6.8 axis z
prism stone_lt 8.9 0 -6  1.3  7  -0.73 3.6  -0.73 3.76  -0.42 3.76  0 3.65  0.16 3.65  0.16 3.58  0 3.58 axis x
prism granite 0 0 -6.03  0.34  4  8.77 7.54  9.03 7.54  9.11 8.101  8.69 8.101 axis z
lightmap 4
box bronze 8.9 4.9 -6.6  1.14 0.08 0.08
box bronze 8.9 6.1 -6.6  1.14 0.08 0.08
lightmap 5
prism stone_lt 0 0 -6.07  0.3  4  12.21 3.6  12.45 3.6  12.45 6.8  12.21 6.885 axis z
prism stone_lt 0 0 -6.07  0.3  4  12.45 6.8  13.1 7.6  13.1 7.981  12.21 6.885 axis z
prism stone_lt 0 0 -6.07  0.3  4  13.99 3.6  13.75 3.6  13.75 6.8  13.99 6.885 axis z
prism stone_lt 0 0 -6.07  0.3  4  13.75 6.8  13.1 7.6  13.1 7.981  13.99 6.885 axis z
prism stone_lt 0 0 -6.575  0.31  4  12.45 3.6  12.55 3.6  12.55 6.764  12.45 6.8 axis z
prism stone_lt 0 0 -6.575  0.31  4  12.55 6.764  13.1 7.441  13.1 7.6  12.45 6.8 axis z
prism stone_lt 0 0 -6.575  0.31  4  13.75 3.6  13.65 3.6  13.65 6.764  13.75 6.8 axis z
prism stone_lt 0 0 -6.575  0.31  4  13.65 6.764  13.1 7.441  13.1 7.6  13.75 6.8 axis z
prism stone_lt 13.1 0 -6  1.3  7  -0.73 3.6  -0.73 3.76  -0.42 3.76  0 3.65  0.16 3.65  0.16 3.58  0 3.58 axis x
prism granite 0 0 -6.03  0.34  4  12.97 7.54  13.23 7.54  13.31 8.101  12.89 8.101 axis z
lightmap 4
box bronze 13.1 4.9 -6.6  1.14 0.08 0.08
box bronze 13.1 6.1 -6.6  1.14 0.08 0.08
lightmap 5
prism stone_lt 11 0 -6  10  8  -0.02 8.15  0.1 8.15  0.1 8.29  0.22 8.45  0.22 8.59  0.4 8.83  0.4 9  -0.02 9 axis x miter -1 0 -1 0
lightmap 6
box stone_dk 6.8 0.63 -5.875  1.06 1.26 0.29
box stone_lt 6.8 4.485 -5.91  0.9 6.57 0.22
lightmap 4
prism stone_lt 6.8 0 -6  1.1  5  -0.02 7.73  0.2 7.73  0.3 7.95  0.3 8.17  -0.02 8.17 axis x
box onyx_amber 6.8 2.63 -5.8  0.3 0.3 0.05 rot 0 0 45
lightmap 6
box stone_dk 11 0.63 -5.875  1.06 1.26 0.29
box stone_lt 11 4.485 -5.91  0.9 6.57 0.22
lightmap 4
prism stone_lt 11 0 -6  1.1  5  -0.02 7.73  0.2 7.73  0.3 7.95  0.3 8.17  -0.02 8.17 axis x
box onyx_amber 11 2.63 -5.8  0.3 0.3 0.05 rot 0 0 45
lightmap 6
box stone_dk 15.2 0.63 -5.875  1.06 1.26 0.29
box stone_lt 15.2 4.485 -5.91  0.9 6.57 0.22
lightmap 4
prism stone_lt 15.2 0 -6  1.1  5  -0.02 7.73  0.2 7.73  0.3 7.95  0.3 8.17  -0.02 8.17 axis x
box onyx_amber 15.2 2.63 -5.8  0.3 0.3 0.05 rot 0 0 45
box granite 11 -0.006 -5.435  10 0.048 0.77

# ── E 쪽 벽 (x 6, -16 … -6)
block 6.5 0.1 -11.6  1.4 2.2 11.2
block 6.6 5.4 -11.6  1.2 8.4 11.2
lightmap 8
box stone_dk 6.5 -0.04 -11.5  1.4 1.92 11.4 lm +x 0.5 lm -y 0.5
lightmap 6
prism stone_lt 6 0 -11  10  7  0.02 0.9  -0.2 0.9  -0.2 0.98  -0.13 1.1  -0.05 1.14  -0.05 1.2  0.02 1.2 axis z miter -1 0 -1 0
lightmap 8
box stone 6.6 2.1 -11.6  1.2 2.4 11.2 lm +x 0.5
lightmap 4
box onyx_teal 6.009 2.63 -11  0.042 0.14 10
lightmap 5
box shaft 6.003 1.92 -13.1  0.034 0.78 2.32
lightmap 4
prism stone_lt 6 0 -13.1  2.5  4  0.02 1.44  -0.045 1.44  -0.045 1.53  0.02 1.53 axis z
prism stone_lt 6 0 -13.1  2.5  4  0.02 2.31  -0.045 2.31  -0.045 2.4  0.02 2.4 axis z
box stone_lt 5.988 1.92 -14.305  0.065 0.78 0.09
box stone_lt 5.988 1.92 -11.895  0.065 0.78 0.09
lightmap 5
box shaft 6.003 1.92 -8.9  0.034 0.78 2.32
lightmap 4
prism stone_lt 6 0 -8.9  2.5  4  0.02 1.44  -0.045 1.44  -0.045 1.53  0.02 1.53 axis z
prism stone_lt 6 0 -8.9  2.5  4  0.02 2.31  -0.045 2.31  -0.045 2.4  0.02 2.4 axis z
box stone_lt 5.988 1.92 -10.105  0.065 0.78 0.09
box stone_lt 5.988 1.92 -7.695  0.065 0.78 0.09
box stone_lt 5.993 1.483 -6.373  0.055 0.481 0.815
box stone_lt 5.993 1.988 -6.212  0.055 0.481 0.495
box stone_lt 5.993 2.493 -6.373  0.055 0.481 0.815
box stone_lt 5.993 2.998 -6.212  0.055 0.481 0.495
box stone_lt 5.993 3.855 -6.373  0.055 0.425 0.815
box stone_lt 5.993 4.304 -6.212  0.055 0.425 0.495
box stone_lt 5.993 4.753 -6.373  0.055 0.425 0.815
box stone_lt 5.993 5.202 -6.212  0.055 0.425 0.495
box stone_lt 5.993 5.651 -6.373  0.055 0.425 0.815
box stone_lt 5.993 6.1 -6.212  0.055 0.425 0.495
box stone_lt 5.993 6.549 -6.373  0.055 0.425 0.815
box stone_lt 5.993 6.998 -6.212  0.055 0.425 0.495
box stone_lt 5.993 7.447 -6.373  0.055 0.425 0.815
box stone_lt 5.993 7.896 -6.212  0.055 0.425 0.495
lightmap 6
prism stone_lt 6 0 -11  10  6  0.02 3.28  -0.07 3.28  -0.15 3.37  -0.15 3.49  -0.06 3.6  0.02 3.6 axis z miter -1 0 -1 0
box wall_hi 6.6 3.45 -11.6  1.2 0.34 11.2 lm +x 0.5
box wall_hi 6.6 5.985 -16.15  1.2 4.77 2.1 lm +x 0.5
box wall_hi 6.6 5.985 -11  1.2 4.77 0.2 lm +x 0.5
box wall_hi 6.6 5.985 -6.45  1.2 4.77 0.9 lm +x 0.5
box wall_hi 6.6 8.975 -11.6  1.2 1.25 11.2 lm +x 0.5
box wall_hi 6.35 5.61 -14.66  0.7 4.02 0.92
box wall_hi 6.35 5.61 -11.54  0.7 4.02 0.92
box wall_hi 6.35 7.995 -13.1  0.7 0.79 4.04
prism wall_hi 6.35 0 0  0.7  5  -14.2 6.8  -13.1 7.6  -13.1 7.64  -14.24 7.64  -14.24 6.8 axis x
prism wall_hi 6.35 0 0  0.7  5  -12 6.8  -13.1 7.6  -13.1 7.64  -11.96 7.64  -11.96 6.8 axis x
box wall_hi 6.35 5.61 -10.46  0.7 4.02 0.92
box wall_hi 6.35 5.61 -7.34  0.7 4.02 0.92
box wall_hi 6.35 7.995 -8.9  0.7 0.79 4.04
prism wall_hi 6.35 0 0  0.7  5  -10 6.8  -8.9 7.6  -8.9 7.64  -10.04 7.64  -10.04 6.8 axis x
prism wall_hi 6.35 0 0  0.7  5  -7.8 6.8  -8.9 7.6  -8.9 7.64  -7.76 7.64  -7.76 6.8 axis x
lightmap 5
prism stone_lt 6.07 0 0  0.3  4  -14.44 3.6  -14.2 3.6  -14.2 6.8  -14.44 6.922 axis x
prism stone_lt 6.07 0 0  0.3  4  -14.2 6.8  -13.1 7.6  -13.1 7.897  -14.44 6.922 axis x
prism stone_lt 6.07 0 0  0.3  4  -11.76 3.6  -12 3.6  -12 6.8  -11.76 6.922 axis x
prism stone_lt 6.07 0 0  0.3  4  -12 6.8  -13.1 7.6  -13.1 7.897  -11.76 6.922 axis x
prism stone_lt 6.575 0 0  0.31  4  -14.2 3.6  -14.1 3.6  -14.1 6.749  -14.2 6.8 axis x
prism stone_lt 6.575 0 0  0.31  4  -14.1 6.749  -13.1 7.476  -13.1 7.6  -14.2 6.8 axis x
prism stone_lt 6.575 0 0  0.31  4  -12 3.6  -12.1 3.6  -12.1 6.749  -12 6.8 axis x
prism stone_lt 6.575 0 0  0.31  4  -12.1 6.749  -13.1 7.476  -13.1 7.6  -12 6.8 axis x
prism stone_lt 6 0 -13.1  2.2  7  0.73 3.6  0.73 3.76  0.42 3.76  0 3.65  -0.16 3.65  -0.16 3.58  0 3.58 axis z
prism onyx_teal 6.03 0 0  0.34  4  -13.23 7.54  -12.97 7.54  -12.89 8.017  -13.31 8.017 axis x
lightmap 2
prism glass_teal 6.615 0 0  0.03  4  -14.13 3.74  -13.1 3.74  -13.1 5.95  -14.13 6.699 axis x
prism glass_amber 6.615 0 0  0.03  4  -13.1 3.74  -12.07 3.74  -12.07 6.699  -13.1 5.95 axis x
prism glass_pale 6.615 0 0  0.03  6  -13.1 5.95  -12.07 6.699  -12.07 6.769  -13.1 7.506  -14.13 6.769  -14.13 6.699 axis x
lightmap 4
prism stone_lt 6.61 0 0  0.18  4  -13.155 3.74  -13.045 3.74  -13.045 5.95  -13.155 5.95 axis x
prism stone_lt 6.61 0 0  0.18  4  -13.1 5.875  -13.1 6.025  -14.189 6.817  -14.189 6.667 axis x
prism stone_lt 6.61 0 0  0.18  4  -13.1 5.875  -13.1 6.025  -12.011 6.817  -12.011 6.667 axis x
box bronze 6.5 5.95 -13.1  0.06 0.2 0.2 rot 0 45 0
lightmap 5
prism stone_lt 6.07 0 0  0.3  4  -10.24 3.6  -10 3.6  -10 6.8  -10.24 6.922 axis x
prism stone_lt 6.07 0 0  0.3  4  -10 6.8  -8.9 7.6  -8.9 7.897  -10.24 6.922 axis x
prism stone_lt 6.07 0 0  0.3  4  -7.56 3.6  -7.8 3.6  -7.8 6.8  -7.56 6.922 axis x
prism stone_lt 6.07 0 0  0.3  4  -7.8 6.8  -8.9 7.6  -8.9 7.897  -7.56 6.922 axis x
prism stone_lt 6.575 0 0  0.31  4  -10 3.6  -9.9 3.6  -9.9 6.749  -10 6.8 axis x
prism stone_lt 6.575 0 0  0.31  4  -9.9 6.749  -8.9 7.476  -8.9 7.6  -10 6.8 axis x
prism stone_lt 6.575 0 0  0.31  4  -7.8 3.6  -7.9 3.6  -7.9 6.749  -7.8 6.8 axis x
prism stone_lt 6.575 0 0  0.31  4  -7.9 6.749  -8.9 7.476  -8.9 7.6  -7.8 6.8 axis x
prism stone_lt 6 0 -8.9  2.2  7  0.73 3.6  0.73 3.76  0.42 3.76  0 3.65  -0.16 3.65  -0.16 3.58  0 3.58 axis z
prism onyx_teal 6.03 0 0  0.34  4  -9.03 7.54  -8.77 7.54  -8.69 8.017  -9.11 8.017 axis x
lightmap 2
prism glass_amber 6.615 0 0  0.03  4  -9.93 3.74  -8.9 3.74  -8.9 5.95  -9.93 6.699 axis x
prism glass_teal 6.615 0 0  0.03  4  -8.9 3.74  -7.87 3.74  -7.87 6.699  -8.9 5.95 axis x
prism glass_pale 6.615 0 0  0.03  6  -8.9 5.95  -7.87 6.699  -7.87 6.769  -8.9 7.506  -9.93 6.769  -9.93 6.699 axis x
lightmap 4
prism stone_lt 6.61 0 0  0.18  4  -8.955 3.74  -8.845 3.74  -8.845 5.95  -8.955 5.95 axis x
prism stone_lt 6.61 0 0  0.18  4  -8.9 5.875  -8.9 6.025  -9.989 6.817  -9.989 6.667 axis x
prism stone_lt 6.61 0 0  0.18  4  -8.9 5.875  -8.9 6.025  -7.811 6.817  -7.811 6.667 axis x
box bronze 6.5 5.95 -8.9  0.06 0.2 0.2 rot 0 45 0
lightmap 5
prism stone_lt 6 0 -11  10  8  0.02 8.15  -0.1 8.15  -0.1 8.29  -0.22 8.45  -0.22 8.59  -0.4 8.83  -0.4 9  0.02 9 axis z miter -1 0 -1 0
lightmap 6
box stone_dk 5.875 0.63 -15.2  0.29 1.26 1.06
box stone_lt 5.91 4.485 -15.2  0.22 6.57 0.9
lightmap 4
prism stone_lt 6 0 -15.2  1.1  5  0.02 7.73  -0.2 7.73  -0.3 7.95  -0.3 8.17  0.02 8.17 axis z
box onyx_amber 5.8 2.63 -15.2  0.05 0.3 0.3 rot 0 45 0
lightmap 6
box stone_dk 5.875 0.63 -11  0.29 1.26 1.06
box stone_lt 5.91 4.485 -11  0.22 6.57 0.9
lightmap 4
prism stone_lt 6 0 -11  1.1  5  0.02 7.73  -0.2 7.73  -0.3 7.95  -0.3 8.17  0.02 8.17 axis z
box onyx_amber 5.8 2.63 -11  0.05 0.3 0.3 rot 0 45 0
lightmap 6
box stone_dk 5.875 0.63 -6.8  0.29 1.26 1.06
box stone_lt 5.91 4.485 -6.8  0.22 6.57 0.9
lightmap 4
prism stone_lt 6 0 -6.8  1.1  5  0.02 7.73  -0.2 7.73  -0.3 7.95  -0.3 8.17  0.02 8.17 axis z
box onyx_amber 5.8 2.63 -6.8  0.05 0.3 0.3 rot 0 45 0
box granite 5.435 -0.006 -11  0.77 0.048 10

# ── E 쪽 벽 (x 6, 6 … 16)
block 6.5 0.1 11.6  1.4 2.2 11.2
block 6.6 5.4 11.6  1.2 8.4 11.2
lightmap 8
box stone_dk 6.5 -0.04 11.5  1.4 1.92 11.4 lm +x 0.5 lm -y 0.5
lightmap 6
prism stone_lt 6 0 11  10  7  0.02 0.9  -0.2 0.9  -0.2 0.98  -0.13 1.1  -0.05 1.14  -0.05 1.2  0.02 1.2 axis z miter 1 0 1 0
lightmap 8
box stone 6.6 2.1 11.6  1.2 2.4 11.2 lm +x 0.5
lightmap 4
box onyx_teal 6.009 2.63 11  0.042 0.14 10
lightmap 5
box shaft 6.003 1.92 8.9  0.034 0.78 2.32
lightmap 4
prism stone_lt 6 0 8.9  2.5  4  0.02 1.44  -0.045 1.44  -0.045 1.53  0.02 1.53 axis z
prism stone_lt 6 0 8.9  2.5  4  0.02 2.31  -0.045 2.31  -0.045 2.4  0.02 2.4 axis z
box stone_lt 5.988 1.92 7.695  0.065 0.78 0.09
box stone_lt 5.988 1.92 10.105  0.065 0.78 0.09
lightmap 5
box shaft 6.003 1.92 13.1  0.034 0.78 2.32
lightmap 4
prism stone_lt 6 0 13.1  2.5  4  0.02 1.44  -0.045 1.44  -0.045 1.53  0.02 1.53 axis z
prism stone_lt 6 0 13.1  2.5  4  0.02 2.31  -0.045 2.31  -0.045 2.4  0.02 2.4 axis z
box stone_lt 5.988 1.92 11.895  0.065 0.78 0.09
box stone_lt 5.988 1.92 14.305  0.065 0.78 0.09
box stone_lt 5.993 1.483 6.373  0.055 0.481 0.815
box stone_lt 5.993 1.988 6.213  0.055 0.481 0.495
box stone_lt 5.993 2.493 6.373  0.055 0.481 0.815
box stone_lt 5.993 2.998 6.213  0.055 0.481 0.495
box stone_lt 5.993 3.855 6.373  0.055 0.425 0.815
box stone_lt 5.993 4.304 6.213  0.055 0.425 0.495
box stone_lt 5.993 4.753 6.373  0.055 0.425 0.815
box stone_lt 5.993 5.202 6.213  0.055 0.425 0.495
box stone_lt 5.993 5.651 6.373  0.055 0.425 0.815
box stone_lt 5.993 6.1 6.213  0.055 0.425 0.495
box stone_lt 5.993 6.549 6.373  0.055 0.425 0.815
box stone_lt 5.993 6.998 6.213  0.055 0.425 0.495
box stone_lt 5.993 7.447 6.373  0.055 0.425 0.815
box stone_lt 5.993 7.896 6.213  0.055 0.425 0.495
lightmap 6
prism stone_lt 6 0 11  10  6  0.02 3.28  -0.07 3.28  -0.15 3.37  -0.15 3.49  -0.06 3.6  0.02 3.6 axis z miter 1 0 1 0
box wall_hi 6.6 3.45 11.6  1.2 0.34 11.2 lm +x 0.5
box wall_hi 6.6 5.985 6.45  1.2 4.77 0.9 lm +x 0.5
box wall_hi 6.6 5.985 11  1.2 4.77 0.2 lm +x 0.5
box wall_hi 6.6 5.985 16.15  1.2 4.77 2.1 lm +x 0.5
box wall_hi 6.6 8.975 11.6  1.2 1.25 11.2 lm +x 0.5
box wall_hi 6.35 5.61 7.34  0.7 4.02 0.92
box wall_hi 6.35 5.61 10.46  0.7 4.02 0.92
box wall_hi 6.35 7.995 8.9  0.7 0.79 4.04
prism wall_hi 6.35 0 0  0.7  5  7.8 6.8  8.9 7.6  8.9 7.64  7.76 7.64  7.76 6.8 axis x
prism wall_hi 6.35 0 0  0.7  5  10 6.8  8.9 7.6  8.9 7.64  10.04 7.64  10.04 6.8 axis x
box wall_hi 6.35 5.61 11.54  0.7 4.02 0.92
box wall_hi 6.35 5.61 14.66  0.7 4.02 0.92
box wall_hi 6.35 7.995 13.1  0.7 0.79 4.04
prism wall_hi 6.35 0 0  0.7  5  12 6.8  13.1 7.6  13.1 7.64  11.96 7.64  11.96 6.8 axis x
prism wall_hi 6.35 0 0  0.7  5  14.2 6.8  13.1 7.6  13.1 7.64  14.24 7.64  14.24 6.8 axis x
lightmap 5
prism stone_lt 6.07 0 0  0.3  4  7.56 3.6  7.8 3.6  7.8 6.8  7.56 6.922 axis x
prism stone_lt 6.07 0 0  0.3  4  7.8 6.8  8.9 7.6  8.9 7.897  7.56 6.922 axis x
prism stone_lt 6.07 0 0  0.3  4  10.24 3.6  10 3.6  10 6.8  10.24 6.922 axis x
prism stone_lt 6.07 0 0  0.3  4  10 6.8  8.9 7.6  8.9 7.897  10.24 6.922 axis x
prism stone_lt 6.575 0 0  0.31  4  7.8 3.6  7.9 3.6  7.9 6.749  7.8 6.8 axis x
prism stone_lt 6.575 0 0  0.31  4  7.9 6.749  8.9 7.476  8.9 7.6  7.8 6.8 axis x
prism stone_lt 6.575 0 0  0.31  4  10 3.6  9.9 3.6  9.9 6.749  10 6.8 axis x
prism stone_lt 6.575 0 0  0.31  4  9.9 6.749  8.9 7.476  8.9 7.6  10 6.8 axis x
prism stone_lt 6 0 8.9  2.2  7  0.73 3.6  0.73 3.76  0.42 3.76  0 3.65  -0.16 3.65  -0.16 3.58  0 3.58 axis z
prism onyx_teal 6.03 0 0  0.34  4  8.77 7.54  9.03 7.54  9.11 8.017  8.69 8.017 axis x
lightmap 2
prism glass_teal 6.615 0 0  0.03  4  7.87 3.74  8.9 3.74  8.9 5.95  7.87 6.699 axis x
prism glass_pale 6.615 0 0  0.03  4  8.9 3.74  9.93 3.74  9.93 6.699  8.9 5.95 axis x
prism glass_amber 6.615 0 0  0.03  6  8.9 5.95  9.93 6.699  9.93 6.769  8.9 7.506  7.87 6.769  7.87 6.699 axis x
lightmap 4
prism stone_lt 6.61 0 0  0.18  4  8.845 3.74  8.955 3.74  8.955 5.95  8.845 5.95 axis x
prism stone_lt 6.61 0 0  0.18  4  8.9 5.875  8.9 6.025  7.811 6.817  7.811 6.667 axis x
prism stone_lt 6.61 0 0  0.18  4  8.9 5.875  8.9 6.025  9.989 6.817  9.989 6.667 axis x
box bronze 6.5 5.95 8.9  0.06 0.2 0.2 rot 0 45 0
lightmap 5
prism stone_lt 6.07 0 0  0.3  4  11.76 3.6  12 3.6  12 6.8  11.76 6.922 axis x
prism stone_lt 6.07 0 0  0.3  4  12 6.8  13.1 7.6  13.1 7.897  11.76 6.922 axis x
prism stone_lt 6.07 0 0  0.3  4  14.44 3.6  14.2 3.6  14.2 6.8  14.44 6.922 axis x
prism stone_lt 6.07 0 0  0.3  4  14.2 6.8  13.1 7.6  13.1 7.897  14.44 6.922 axis x
prism stone_lt 6.575 0 0  0.31  4  12 3.6  12.1 3.6  12.1 6.749  12 6.8 axis x
prism stone_lt 6.575 0 0  0.31  4  12.1 6.749  13.1 7.476  13.1 7.6  12 6.8 axis x
prism stone_lt 6.575 0 0  0.31  4  14.2 3.6  14.1 3.6  14.1 6.749  14.2 6.8 axis x
prism stone_lt 6.575 0 0  0.31  4  14.1 6.749  13.1 7.476  13.1 7.6  14.2 6.8 axis x
prism stone_lt 6 0 13.1  2.2  7  0.73 3.6  0.73 3.76  0.42 3.76  0 3.65  -0.16 3.65  -0.16 3.58  0 3.58 axis z
prism onyx_teal 6.03 0 0  0.34  4  12.97 7.54  13.23 7.54  13.31 8.017  12.89 8.017 axis x
lightmap 2
prism glass_pale 6.615 0 0  0.03  4  12.07 3.74  13.1 3.74  13.1 5.95  12.07 6.699 axis x
prism glass_teal 6.615 0 0  0.03  4  13.1 3.74  14.13 3.74  14.13 6.699  13.1 5.95 axis x
prism glass_amber 6.615 0 0  0.03  6  13.1 5.95  14.13 6.699  14.13 6.769  13.1 7.506  12.07 6.769  12.07 6.699 axis x
lightmap 4
prism stone_lt 6.61 0 0  0.18  4  13.045 3.74  13.155 3.74  13.155 5.95  13.045 5.95 axis x
prism stone_lt 6.61 0 0  0.18  4  13.1 5.875  13.1 6.025  12.011 6.817  12.011 6.667 axis x
prism stone_lt 6.61 0 0  0.18  4  13.1 5.875  13.1 6.025  14.189 6.817  14.189 6.667 axis x
box bronze 6.5 5.95 13.1  0.06 0.2 0.2 rot 0 45 0
lightmap 5
prism stone_lt 6 0 11  10  8  0.02 8.15  -0.1 8.15  -0.1 8.29  -0.22 8.45  -0.22 8.59  -0.4 8.83  -0.4 9  0.02 9 axis z miter 1 0 1 0
lightmap 6
box stone_dk 5.875 0.63 6.8  0.29 1.26 1.06
box stone_lt 5.91 4.485 6.8  0.22 6.57 0.9
lightmap 4
prism stone_lt 6 0 6.8  1.1  5  0.02 7.73  -0.2 7.73  -0.3 7.95  -0.3 8.17  0.02 8.17 axis z
box onyx_amber 5.8 2.63 6.8  0.05 0.3 0.3 rot 0 45 0
lightmap 6
box stone_dk 5.875 0.63 11  0.29 1.26 1.06
box stone_lt 5.91 4.485 11  0.22 6.57 0.9
lightmap 4
prism stone_lt 6 0 11  1.1  5  0.02 7.73  -0.2 7.73  -0.3 7.95  -0.3 8.17  0.02 8.17 axis z
box onyx_amber 5.8 2.63 11  0.05 0.3 0.3 rot 0 45 0
lightmap 6
box stone_dk 5.875 0.63 15.2  0.29 1.26 1.06
box stone_lt 5.91 4.485 15.2  0.22 6.57 0.9
lightmap 4
prism stone_lt 6 0 15.2  1.1  5  0.02 7.73  -0.2 7.73  -0.3 7.95  -0.3 8.17  0.02 8.17 axis z
box onyx_amber 5.8 2.63 15.2  0.05 0.3 0.3 rot 0 45 0
box granite 5.435 -0.006 11  0.77 0.048 10

# ── E 쪽 벽 (x 16, -6 … 6)
block 16.5 0.1 -5.1  1.4 2.2 4.2
block 16.6 5.4 -5.1  1.2 8.4 4.2
lightmap 8
box stone_dk 16.5 -0.04 -5.1  1.4 1.92 4.2 lm +x 0.5 lm -y 0.5
lightmap 6
prism stone_lt 16 0 -4.5  3  7  0.02 0.9  -0.2 0.9  -0.2 0.98  -0.13 1.1  -0.05 1.14  -0.05 1.2  0.02 1.2 axis z miter -1 0 0 0
lightmap 8
box stone 16.6 2.1 -5.1  1.2 2.4 4.2 lm +x 0.5
lightmap 4
box onyx_teal 16.009 2.63 -4.5  0.042 0.14 3
lightmap 6
prism stone_lt 16 0 -4.5  3  6  0.02 3.28  -0.07 3.28  -0.15 3.37  -0.15 3.49  -0.06 3.6  0.02 3.6 axis z miter -1 0 0 0
box wall_hi 16.6 6.44 -5.1  1.2 6.32 4.2 lm +x 0.5
lightmap 5
prism stone_lt 16 0 -4.5  3  8  0.02 8.15  -0.1 8.15  -0.1 8.29  -0.22 8.45  -0.22 8.59  -0.4 8.83  -0.4 9  0.02 9 axis z miter -1 0 0 0
lightmap 4
box granite 15.435 -0.006 -4.5  0.77 0.048 3
block 16.5 0.1 5.1  1.4 2.2 4.2
block 16.6 5.4 5.1  1.2 8.4 4.2
lightmap 8
box stone_dk 16.5 -0.04 5.1  1.4 1.92 4.2 lm +x 0.5 lm -y 0.5
lightmap 6
prism stone_lt 16 0 4.5  3  7  0.02 0.9  -0.2 0.9  -0.2 0.98  -0.13 1.1  -0.05 1.14  -0.05 1.2  0.02 1.2 axis z miter 0 0 1 0
lightmap 8
box stone 16.6 2.1 5.1  1.2 2.4 4.2 lm +x 0.5
lightmap 4
box onyx_teal 16.009 2.63 4.5  0.042 0.14 3
lightmap 6
prism stone_lt 16 0 4.5  3  6  0.02 3.28  -0.07 3.28  -0.15 3.37  -0.15 3.49  -0.06 3.6  0.02 3.6 axis z miter 0 0 1 0
box wall_hi 16.6 6.44 5.1  1.2 6.32 4.2 lm +x 0.5
lightmap 5
prism stone_lt 16 0 4.5  3  8  0.02 8.15  -0.1 8.15  -0.1 8.29  -0.22 8.45  -0.22 8.59  -0.4 8.83  -0.4 9  0.02 9 axis z miter 0 0 1 0
lightmap 4
box granite 15.435 -0.006 4.5  0.77 0.048 3
block 16.25 3 -2.6  1.9 6 1.2
block 16.25 3 2.6  1.9 6 1.2
block 17.4 4.3 0  0.8 10.6 6.8
block 16.6 -0.5 0  1.2 1 6.4
lightmap 6
box stone_dk 17.4 4.3 0  0.8 10.6 6.8 lm +x 0.5
box granite 16.6 -0.5 0  1.2 1 6.4 lm -y 0.5
box wall_hi 16.75 7.8 0  0.9 3.6 6.4 lm +x 0.5
prism wall_hi 16.16 0 0  0.32  5  -3.2 6  -3.2 8.04  0 8.04  0 7.7  -2.6 6.4 axis x
prism wall_hi 16.16 0 0  0.32  5  3.2 6  3.2 8.04  0 8.04  0 7.7  2.6 6.4 axis x
box wall_hi 16.16 8.81 0  0.32 1.58 6
lightmap 5
prism stone_lt 16 0 0  6  8  0.02 8.15  -0.1 8.15  -0.1 8.29  -0.22 8.45  -0.22 8.59  -0.4 8.83  -0.4 9  0.02 9 axis z
lightmap 8
box stone_lt 16.25 2.81 -2.6  1.9 5.62 1.2
lightmap 5
box stone_dk 15.64 0.4 -2.6  0.82 0.8 1.34
box bronze 15.655 3.97 -2.6  0.75 0.14 1.24
box onyx_teal 15.659 4.23 -2.6  0.742 0.14 1.224
box stone_lt 16.205 5.8 -2.6  1.99 0.4 1.38
lightmap 8
box stone_lt 16.25 2.81 2.6  1.9 5.62 1.2
lightmap 5
box stone_dk 15.64 0.4 2.6  0.82 0.8 1.34
box bronze 15.655 3.97 2.6  0.75 0.14 1.24
box onyx_teal 15.659 4.23 2.6  0.742 0.14 1.224
box stone_lt 16.205 5.8 2.6  1.99 0.4 1.38
lightmap 6
prism trim_dk 15.78 0 0  1.08  4  -2 6  -1.5 6.263  -1.942 7.104  -3.093 6 axis x
prism stone_lt 15.81 0 0  1.02  4  -1.5 6.263  -1 6.525  -1.442 7.366  -1.942 7.104 axis x
prism trim_dk 15.78 0 0  1.08  4  -1 6.525  -0.5 6.788  -0.942 7.629  -1.442 7.366 axis x
prism stone_lt 15.81 0 0  1.02  4  -0.5 6.788  -0.159 6.966  -0.601 7.807  -0.942 7.629 axis x
prism trim_dk 15.78 0 0  1.08  4  2 6  1.5 6.263  1.942 7.104  3.093 6 axis x
prism stone_lt 15.81 0 0  1.02  4  1.5 6.263  1 6.525  1.442 7.366  1.942 7.104 axis x
prism trim_dk 15.78 0 0  1.08  4  1 6.525  0.5 6.788  0.942 7.629  1.442 7.366 axis x
prism stone_lt 15.81 0 0  1.02  4  0.5 6.788  0.159 6.966  0.601 7.807  0.942 7.629 axis x
prism granite 15.74 0 0  1.16  4  -0.3 6.89  0.3 6.89  0.46 8.14  -0.46 8.14 axis x
lightmap 4
box onyx_teal 15.16 7.53 0  0.05 0.3 0.3 rot 0 45 0
box path 16.1 0.025 0  1.6 0.05 4
box bronze 16 0.063 0  0.24 0.025 3.8

# ── S 쪽 벽 (z 6, -16 … -6)
block -11.6 0.1 6.5  11.2 2.2 1.4
block -11.6 5.4 6.6  11.2 8.4 1.2
lightmap 8
box stone_dk -11.5 -0.04 6.5  11.4 1.92 1.4 lm +z 0.5 lm -y 0.5
lightmap 6
prism stone_lt -11 0 6  10  7  0.02 0.9  -0.2 0.9  -0.2 0.98  -0.13 1.1  -0.05 1.14  -0.05 1.2  0.02 1.2 axis x miter -1 0 -1 0
lightmap 8
box stone -11.6 2.1 6.6  11.2 2.4 1.2 lm +z 0.5
lightmap 4
box onyx_teal -11 2.63 6.009  10 0.14 0.042
lightmap 5
box shaft -13.1 1.92 6.003  2.32 0.78 0.034
lightmap 4
prism stone_lt -13.1 0 6  2.5  4  0.02 1.44  -0.045 1.44  -0.045 1.53  0.02 1.53 axis x
prism stone_lt -13.1 0 6  2.5  4  0.02 2.31  -0.045 2.31  -0.045 2.4  0.02 2.4 axis x
box stone_lt -14.305 1.92 5.988  0.09 0.78 0.065
box stone_lt -11.895 1.92 5.988  0.09 0.78 0.065
lightmap 5
box shaft -8.9 1.92 6.003  2.32 0.78 0.034
lightmap 4
prism stone_lt -8.9 0 6  2.5  4  0.02 1.44  -0.045 1.44  -0.045 1.53  0.02 1.53 axis x
prism stone_lt -8.9 0 6  2.5  4  0.02 2.31  -0.045 2.31  -0.045 2.4  0.02 2.4 axis x
box stone_lt -10.105 1.92 5.988  0.09 0.78 0.065
box stone_lt -7.695 1.92 5.988  0.09 0.78 0.065
box stone_lt -6.212 1.483 5.993  0.495 0.481 0.055
box stone_lt -6.373 1.988 5.993  0.815 0.481 0.055
box stone_lt -6.212 2.493 5.993  0.495 0.481 0.055
box stone_lt -6.373 2.998 5.993  0.815 0.481 0.055
box stone_lt -6.212 3.855 5.993  0.495 0.425 0.055
box stone_lt -6.373 4.304 5.993  0.815 0.425 0.055
box stone_lt -6.212 4.753 5.993  0.495 0.425 0.055
box stone_lt -6.373 5.202 5.993  0.815 0.425 0.055
box stone_lt -6.212 5.651 5.993  0.495 0.425 0.055
box stone_lt -6.373 6.1 5.993  0.815 0.425 0.055
box stone_lt -6.212 6.549 5.993  0.495 0.425 0.055
box stone_lt -6.373 6.998 5.993  0.815 0.425 0.055
box stone_lt -6.212 7.447 5.993  0.495 0.425 0.055
box stone_lt -6.373 7.896 5.993  0.815 0.425 0.055
lightmap 6
prism stone_lt -11 0 6  10  6  0.02 3.28  -0.07 3.28  -0.15 3.37  -0.15 3.49  -0.06 3.6  0.02 3.6 axis x miter -1 0 -1 0
box wall_hi -11.6 3.45 6.6  11.2 0.34 1.2 lm +z 0.5
box wall_hi -16.15 5.985 6.6  2.1 4.77 1.2 lm +z 0.5
box wall_hi -11 5.985 6.6  0.2 4.77 1.2 lm +z 0.5
box wall_hi -6.45 5.985 6.6  0.9 4.77 1.2 lm +z 0.5
box wall_hi -11.6 8.975 6.6  11.2 1.25 1.2 lm +z 0.5
box wall_hi -14.66 5.61 6.35  0.92 4.02 0.7
box wall_hi -11.54 5.61 6.35  0.92 4.02 0.7
box wall_hi -13.1 7.995 6.35  4.04 0.79 0.7
prism wall_hi 0 0 6.35  0.7  5  -14.2 6.8  -13.1 7.6  -13.1 7.64  -14.24 7.64  -14.24 6.8 axis z
prism wall_hi 0 0 6.35  0.7  5  -12 6.8  -13.1 7.6  -13.1 7.64  -11.96 7.64  -11.96 6.8 axis z
box wall_hi -10.46 5.61 6.35  0.92 4.02 0.7
box wall_hi -7.34 5.61 6.35  0.92 4.02 0.7
box wall_hi -8.9 7.995 6.35  4.04 0.79 0.7
prism wall_hi 0 0 6.35  0.7  5  -10 6.8  -8.9 7.6  -8.9 7.64  -10.04 7.64  -10.04 6.8 axis z
prism wall_hi 0 0 6.35  0.7  5  -7.8 6.8  -8.9 7.6  -8.9 7.64  -7.76 7.64  -7.76 6.8 axis z
lightmap 5
prism stone_lt 0 0 6.07  0.3  4  -14.44 3.6  -14.2 3.6  -14.2 6.8  -14.44 6.922 axis z
prism stone_lt 0 0 6.07  0.3  4  -14.2 6.8  -13.1 7.6  -13.1 7.897  -14.44 6.922 axis z
prism stone_lt 0 0 6.07  0.3  4  -11.76 3.6  -12 3.6  -12 6.8  -11.76 6.922 axis z
prism stone_lt 0 0 6.07  0.3  4  -12 6.8  -13.1 7.6  -13.1 7.897  -11.76 6.922 axis z
prism stone_lt 0 0 6.575  0.31  4  -14.2 3.6  -14.1 3.6  -14.1 6.749  -14.2 6.8 axis z
prism stone_lt 0 0 6.575  0.31  4  -14.1 6.749  -13.1 7.476  -13.1 7.6  -14.2 6.8 axis z
prism stone_lt 0 0 6.575  0.31  4  -12 3.6  -12.1 3.6  -12.1 6.749  -12 6.8 axis z
prism stone_lt 0 0 6.575  0.31  4  -12.1 6.749  -13.1 7.476  -13.1 7.6  -12 6.8 axis z
prism stone_lt -13.1 0 6  2.2  7  0.73 3.6  0.73 3.76  0.42 3.76  0 3.65  -0.16 3.65  -0.16 3.58  0 3.58 axis x
prism onyx_teal 0 0 6.03  0.34  4  -13.23 7.54  -12.97 7.54  -12.89 8.017  -13.31 8.017 axis z
lightmap 2
prism glass_teal 0 0 6.615  0.03  4  -14.13 3.74  -13.1 3.74  -13.1 5.95  -14.13 6.699 axis z
prism glass_amber 0 0 6.615  0.03  4  -13.1 3.74  -12.07 3.74  -12.07 6.699  -13.1 5.95 axis z
prism glass_pale 0 0 6.615  0.03  6  -13.1 5.95  -12.07 6.699  -12.07 6.769  -13.1 7.506  -14.13 6.769  -14.13 6.699 axis z
lightmap 4
prism stone_lt 0 0 6.61  0.18  4  -13.155 3.74  -13.045 3.74  -13.045 5.95  -13.155 5.95 axis z
prism stone_lt 0 0 6.61  0.18  4  -13.1 5.875  -13.1 6.025  -14.189 6.817  -14.189 6.667 axis z
prism stone_lt 0 0 6.61  0.18  4  -13.1 5.875  -13.1 6.025  -12.011 6.817  -12.011 6.667 axis z
box bronze -13.1 5.95 6.5  0.2 0.2 0.06 rot 0 0 45
lightmap 5
prism stone_lt 0 0 6.07  0.3  4  -10.24 3.6  -10 3.6  -10 6.8  -10.24 6.922 axis z
prism stone_lt 0 0 6.07  0.3  4  -10 6.8  -8.9 7.6  -8.9 7.897  -10.24 6.922 axis z
prism stone_lt 0 0 6.07  0.3  4  -7.56 3.6  -7.8 3.6  -7.8 6.8  -7.56 6.922 axis z
prism stone_lt 0 0 6.07  0.3  4  -7.8 6.8  -8.9 7.6  -8.9 7.897  -7.56 6.922 axis z
prism stone_lt 0 0 6.575  0.31  4  -10 3.6  -9.9 3.6  -9.9 6.749  -10 6.8 axis z
prism stone_lt 0 0 6.575  0.31  4  -9.9 6.749  -8.9 7.476  -8.9 7.6  -10 6.8 axis z
prism stone_lt 0 0 6.575  0.31  4  -7.8 3.6  -7.9 3.6  -7.9 6.749  -7.8 6.8 axis z
prism stone_lt 0 0 6.575  0.31  4  -7.9 6.749  -8.9 7.476  -8.9 7.6  -7.8 6.8 axis z
prism stone_lt -8.9 0 6  2.2  7  0.73 3.6  0.73 3.76  0.42 3.76  0 3.65  -0.16 3.65  -0.16 3.58  0 3.58 axis x
prism onyx_teal 0 0 6.03  0.34  4  -9.03 7.54  -8.77 7.54  -8.69 8.017  -9.11 8.017 axis z
lightmap 2
prism glass_amber 0 0 6.615  0.03  4  -9.93 3.74  -8.9 3.74  -8.9 5.95  -9.93 6.699 axis z
prism glass_teal 0 0 6.615  0.03  4  -8.9 3.74  -7.87 3.74  -7.87 6.699  -8.9 5.95 axis z
prism glass_pale 0 0 6.615  0.03  6  -8.9 5.95  -7.87 6.699  -7.87 6.769  -8.9 7.506  -9.93 6.769  -9.93 6.699 axis z
lightmap 4
prism stone_lt 0 0 6.61  0.18  4  -8.955 3.74  -8.845 3.74  -8.845 5.95  -8.955 5.95 axis z
prism stone_lt 0 0 6.61  0.18  4  -8.9 5.875  -8.9 6.025  -9.989 6.817  -9.989 6.667 axis z
prism stone_lt 0 0 6.61  0.18  4  -8.9 5.875  -8.9 6.025  -7.811 6.817  -7.811 6.667 axis z
box bronze -8.9 5.95 6.5  0.2 0.2 0.06 rot 0 0 45
lightmap 5
prism stone_lt -11 0 6  10  8  0.02 8.15  -0.1 8.15  -0.1 8.29  -0.22 8.45  -0.22 8.59  -0.4 8.83  -0.4 9  0.02 9 axis x miter -1 0 -1 0
lightmap 6
box stone_dk -15.2 0.63 5.875  1.06 1.26 0.29
box stone_lt -15.2 4.485 5.91  0.9 6.57 0.22
lightmap 4
prism stone_lt -15.2 0 6  1.1  5  0.02 7.73  -0.2 7.73  -0.3 7.95  -0.3 8.17  0.02 8.17 axis x
box onyx_amber -15.2 2.63 5.8  0.3 0.3 0.05 rot 0 0 45
lightmap 6
box stone_dk -11 0.63 5.875  1.06 1.26 0.29
box stone_lt -11 4.485 5.91  0.9 6.57 0.22
lightmap 4
prism stone_lt -11 0 6  1.1  5  0.02 7.73  -0.2 7.73  -0.3 7.95  -0.3 8.17  0.02 8.17 axis x
box onyx_amber -11 2.63 5.8  0.3 0.3 0.05 rot 0 0 45
lightmap 6
box stone_dk -6.8 0.63 5.875  1.06 1.26 0.29
box stone_lt -6.8 4.485 5.91  0.9 6.57 0.22
lightmap 4
prism stone_lt -6.8 0 6  1.1  5  0.02 7.73  -0.2 7.73  -0.3 7.95  -0.3 8.17  0.02 8.17 axis x
box onyx_amber -6.8 2.63 5.8  0.3 0.3 0.05 rot 0 0 45
box granite -11 -0.006 5.435  10 0.048 0.77

# ── S 쪽 벽 (z 6, 6 … 16)
block 11.6 0.1 6.5  11.2 2.2 1.4
block 11.6 5.4 6.6  11.2 8.4 1.2
lightmap 8
box stone_dk 11.5 -0.04 6.5  11.4 1.92 1.4 lm +z 0.5 lm -y 0.5
lightmap 6
prism stone_lt 11 0 6  10  7  0.02 0.9  -0.2 0.9  -0.2 0.98  -0.13 1.1  -0.05 1.14  -0.05 1.2  0.02 1.2 axis x miter 1 0 1 0
lightmap 8
box stone 11.6 2.1 6.6  11.2 2.4 1.2 lm +z 0.5
lightmap 4
box onyx_teal 11 2.63 6.009  10 0.14 0.042
lightmap 5
box shaft 8.9 1.92 6.003  2.32 0.78 0.034
lightmap 4
prism stone_lt 8.9 0 6  2.5  4  0.02 1.44  -0.045 1.44  -0.045 1.53  0.02 1.53 axis x
prism stone_lt 8.9 0 6  2.5  4  0.02 2.31  -0.045 2.31  -0.045 2.4  0.02 2.4 axis x
box stone_lt 7.695 1.92 5.988  0.09 0.78 0.065
box stone_lt 10.105 1.92 5.988  0.09 0.78 0.065
lightmap 5
box shaft 13.1 1.92 6.003  2.32 0.78 0.034
lightmap 4
prism stone_lt 13.1 0 6  2.5  4  0.02 1.44  -0.045 1.44  -0.045 1.53  0.02 1.53 axis x
prism stone_lt 13.1 0 6  2.5  4  0.02 2.31  -0.045 2.31  -0.045 2.4  0.02 2.4 axis x
box stone_lt 11.895 1.92 5.988  0.09 0.78 0.065
box stone_lt 14.305 1.92 5.988  0.09 0.78 0.065
box stone_lt 6.213 1.483 5.993  0.495 0.481 0.055
box stone_lt 6.373 1.988 5.993  0.815 0.481 0.055
box stone_lt 6.213 2.493 5.993  0.495 0.481 0.055
box stone_lt 6.373 2.998 5.993  0.815 0.481 0.055
box stone_lt 6.213 3.855 5.993  0.495 0.425 0.055
box stone_lt 6.373 4.304 5.993  0.815 0.425 0.055
box stone_lt 6.213 4.753 5.993  0.495 0.425 0.055
box stone_lt 6.373 5.202 5.993  0.815 0.425 0.055
box stone_lt 6.213 5.651 5.993  0.495 0.425 0.055
box stone_lt 6.373 6.1 5.993  0.815 0.425 0.055
box stone_lt 6.213 6.549 5.993  0.495 0.425 0.055
box stone_lt 6.373 6.998 5.993  0.815 0.425 0.055
box stone_lt 6.213 7.447 5.993  0.495 0.425 0.055
box stone_lt 6.373 7.896 5.993  0.815 0.425 0.055
lightmap 6
prism stone_lt 11 0 6  10  6  0.02 3.28  -0.07 3.28  -0.15 3.37  -0.15 3.49  -0.06 3.6  0.02 3.6 axis x miter 1 0 1 0
box wall_hi 11.6 3.45 6.6  11.2 0.34 1.2 lm +z 0.5
box wall_hi 6.45 5.985 6.6  0.9 4.77 1.2 lm +z 0.5
box wall_hi 11 5.985 6.6  0.2 4.77 1.2 lm +z 0.5
box wall_hi 16.15 5.985 6.6  2.1 4.77 1.2 lm +z 0.5
box wall_hi 11.6 8.975 6.6  11.2 1.25 1.2 lm +z 0.5
box wall_hi 7.34 5.61 6.35  0.92 4.02 0.7
box wall_hi 10.46 5.61 6.35  0.92 4.02 0.7
box wall_hi 8.9 7.995 6.35  4.04 0.79 0.7
prism wall_hi 0 0 6.35  0.7  5  7.8 6.8  8.9 7.6  8.9 7.64  7.76 7.64  7.76 6.8 axis z
prism wall_hi 0 0 6.35  0.7  5  10 6.8  8.9 7.6  8.9 7.64  10.04 7.64  10.04 6.8 axis z
box wall_hi 11.54 5.61 6.35  0.92 4.02 0.7
box wall_hi 14.66 5.61 6.35  0.92 4.02 0.7
box wall_hi 13.1 7.995 6.35  4.04 0.79 0.7
prism wall_hi 0 0 6.35  0.7  5  12 6.8  13.1 7.6  13.1 7.64  11.96 7.64  11.96 6.8 axis z
prism wall_hi 0 0 6.35  0.7  5  14.2 6.8  13.1 7.6  13.1 7.64  14.24 7.64  14.24 6.8 axis z
lightmap 5
prism stone_lt 0 0 6.07  0.3  4  7.56 3.6  7.8 3.6  7.8 6.8  7.56 6.922 axis z
prism stone_lt 0 0 6.07  0.3  4  7.8 6.8  8.9 7.6  8.9 7.897  7.56 6.922 axis z
prism stone_lt 0 0 6.07  0.3  4  10.24 3.6  10 3.6  10 6.8  10.24 6.922 axis z
prism stone_lt 0 0 6.07  0.3  4  10 6.8  8.9 7.6  8.9 7.897  10.24 6.922 axis z
prism stone_lt 0 0 6.575  0.31  4  7.8 3.6  7.9 3.6  7.9 6.749  7.8 6.8 axis z
prism stone_lt 0 0 6.575  0.31  4  7.9 6.749  8.9 7.476  8.9 7.6  7.8 6.8 axis z
prism stone_lt 0 0 6.575  0.31  4  10 3.6  9.9 3.6  9.9 6.749  10 6.8 axis z
prism stone_lt 0 0 6.575  0.31  4  9.9 6.749  8.9 7.476  8.9 7.6  10 6.8 axis z
prism stone_lt 8.9 0 6  2.2  7  0.73 3.6  0.73 3.76  0.42 3.76  0 3.65  -0.16 3.65  -0.16 3.58  0 3.58 axis x
prism onyx_teal 0 0 6.03  0.34  4  8.77 7.54  9.03 7.54  9.11 8.017  8.69 8.017 axis z
lightmap 2
prism glass_teal 0 0 6.615  0.03  4  7.87 3.74  8.9 3.74  8.9 5.95  7.87 6.699 axis z
prism glass_pale 0 0 6.615  0.03  4  8.9 3.74  9.93 3.74  9.93 6.699  8.9 5.95 axis z
prism glass_amber 0 0 6.615  0.03  6  8.9 5.95  9.93 6.699  9.93 6.769  8.9 7.506  7.87 6.769  7.87 6.699 axis z
lightmap 4
prism stone_lt 0 0 6.61  0.18  4  8.845 3.74  8.955 3.74  8.955 5.95  8.845 5.95 axis z
prism stone_lt 0 0 6.61  0.18  4  8.9 5.875  8.9 6.025  7.811 6.817  7.811 6.667 axis z
prism stone_lt 0 0 6.61  0.18  4  8.9 5.875  8.9 6.025  9.989 6.817  9.989 6.667 axis z
box bronze 8.9 5.95 6.5  0.2 0.2 0.06 rot 0 0 45
lightmap 5
prism stone_lt 0 0 6.07  0.3  4  11.76 3.6  12 3.6  12 6.8  11.76 6.922 axis z
prism stone_lt 0 0 6.07  0.3  4  12 6.8  13.1 7.6  13.1 7.897  11.76 6.922 axis z
prism stone_lt 0 0 6.07  0.3  4  14.44 3.6  14.2 3.6  14.2 6.8  14.44 6.922 axis z
prism stone_lt 0 0 6.07  0.3  4  14.2 6.8  13.1 7.6  13.1 7.897  14.44 6.922 axis z
prism stone_lt 0 0 6.575  0.31  4  12 3.6  12.1 3.6  12.1 6.749  12 6.8 axis z
prism stone_lt 0 0 6.575  0.31  4  12.1 6.749  13.1 7.476  13.1 7.6  12 6.8 axis z
prism stone_lt 0 0 6.575  0.31  4  14.2 3.6  14.1 3.6  14.1 6.749  14.2 6.8 axis z
prism stone_lt 0 0 6.575  0.31  4  14.1 6.749  13.1 7.476  13.1 7.6  14.2 6.8 axis z
prism stone_lt 13.1 0 6  2.2  7  0.73 3.6  0.73 3.76  0.42 3.76  0 3.65  -0.16 3.65  -0.16 3.58  0 3.58 axis x
prism onyx_teal 0 0 6.03  0.34  4  12.97 7.54  13.23 7.54  13.31 8.017  12.89 8.017 axis z
lightmap 2
prism glass_pale 0 0 6.615  0.03  4  12.07 3.74  13.1 3.74  13.1 5.95  12.07 6.699 axis z
prism glass_teal 0 0 6.615  0.03  4  13.1 3.74  14.13 3.74  14.13 6.699  13.1 5.95 axis z
prism glass_amber 0 0 6.615  0.03  6  13.1 5.95  14.13 6.699  14.13 6.769  13.1 7.506  12.07 6.769  12.07 6.699 axis z
lightmap 4
prism stone_lt 0 0 6.61  0.18  4  13.045 3.74  13.155 3.74  13.155 5.95  13.045 5.95 axis z
prism stone_lt 0 0 6.61  0.18  4  13.1 5.875  13.1 6.025  12.011 6.817  12.011 6.667 axis z
prism stone_lt 0 0 6.61  0.18  4  13.1 5.875  13.1 6.025  14.189 6.817  14.189 6.667 axis z
box bronze 13.1 5.95 6.5  0.2 0.2 0.06 rot 0 0 45
lightmap 5
prism stone_lt 11 0 6  10  8  0.02 8.15  -0.1 8.15  -0.1 8.29  -0.22 8.45  -0.22 8.59  -0.4 8.83  -0.4 9  0.02 9 axis x miter 1 0 1 0
lightmap 6
box stone_dk 6.8 0.63 5.875  1.06 1.26 0.29
box stone_lt 6.8 4.485 5.91  0.9 6.57 0.22
lightmap 4
prism stone_lt 6.8 0 6  1.1  5  0.02 7.73  -0.2 7.73  -0.3 7.95  -0.3 8.17  0.02 8.17 axis x
box onyx_amber 6.8 2.63 5.8  0.3 0.3 0.05 rot 0 0 45
lightmap 6
box stone_dk 11 0.63 5.875  1.06 1.26 0.29
box stone_lt 11 4.485 5.91  0.9 6.57 0.22
lightmap 4
prism stone_lt 11 0 6  1.1  5  0.02 7.73  -0.2 7.73  -0.3 7.95  -0.3 8.17  0.02 8.17 axis x
box onyx_amber 11 2.63 5.8  0.3 0.3 0.05 rot 0 0 45
lightmap 6
box stone_dk 15.2 0.63 5.875  1.06 1.26 0.29
box stone_lt 15.2 4.485 5.91  0.9 6.57 0.22
lightmap 4
prism stone_lt 15.2 0 6  1.1  5  0.02 7.73  -0.2 7.73  -0.3 7.95  -0.3 8.17  0.02 8.17 axis x
box onyx_amber 15.2 2.63 5.8  0.3 0.3 0.05 rot 0 0 45
box granite 11 -0.006 5.435  10 0.048 0.77

# ── S 쪽 벽 (z 16, -6 … 6)
block -5.1 0.1 16.5  4.2 2.2 1.4
block -5.1 5.4 16.6  4.2 8.4 1.2
lightmap 8
box stone_dk -5.1 -0.04 16.5  4.2 1.92 1.4 lm +z 0.5 lm -y 0.5
lightmap 6
prism stone_lt -4.5 0 16  3  7  0.02 0.9  -0.2 0.9  -0.2 0.98  -0.13 1.1  -0.05 1.14  -0.05 1.2  0.02 1.2 axis x miter -1 0 0 0
lightmap 8
box stone -5.1 2.1 16.6  4.2 2.4 1.2 lm +z 0.5
lightmap 4
box onyx_teal -4.5 2.63 16.009  3 0.14 0.042
lightmap 6
prism stone_lt -4.5 0 16  3  6  0.02 3.28  -0.07 3.28  -0.15 3.37  -0.15 3.49  -0.06 3.6  0.02 3.6 axis x miter -1 0 0 0
box wall_hi -5.1 6.44 16.6  4.2 6.32 1.2 lm +z 0.5
lightmap 5
prism stone_lt -4.5 0 16  3  8  0.02 8.15  -0.1 8.15  -0.1 8.29  -0.22 8.45  -0.22 8.59  -0.4 8.83  -0.4 9  0.02 9 axis x miter -1 0 0 0
lightmap 4
box granite -4.5 -0.006 15.435  3 0.048 0.77
block 5.1 0.1 16.5  4.2 2.2 1.4
block 5.1 5.4 16.6  4.2 8.4 1.2
lightmap 8
box stone_dk 5.1 -0.04 16.5  4.2 1.92 1.4 lm +z 0.5 lm -y 0.5
lightmap 6
prism stone_lt 4.5 0 16  3  7  0.02 0.9  -0.2 0.9  -0.2 0.98  -0.13 1.1  -0.05 1.14  -0.05 1.2  0.02 1.2 axis x miter 0 0 1 0
lightmap 8
box stone 5.1 2.1 16.6  4.2 2.4 1.2 lm +z 0.5
lightmap 4
box onyx_teal 4.5 2.63 16.009  3 0.14 0.042
lightmap 6
prism stone_lt 4.5 0 16  3  6  0.02 3.28  -0.07 3.28  -0.15 3.37  -0.15 3.49  -0.06 3.6  0.02 3.6 axis x miter 0 0 1 0
box wall_hi 5.1 6.44 16.6  4.2 6.32 1.2 lm +z 0.5
lightmap 5
prism stone_lt 4.5 0 16  3  8  0.02 8.15  -0.1 8.15  -0.1 8.29  -0.22 8.45  -0.22 8.59  -0.4 8.83  -0.4 9  0.02 9 axis x miter 0 0 1 0
lightmap 4
box granite 4.5 -0.006 15.435  3 0.048 0.77
block -2.6 3 16.25  1.2 6 1.9
block 2.6 3 16.25  1.2 6 1.9
block 0 4.3 17.4  6.8 10.6 0.8
block 0 -0.5 16.6  6.4 1 1.2
lightmap 6
box stone_dk 0 4.3 17.4  6.8 10.6 0.8 lm +z 0.5
box granite 0 -0.5 16.6  6.4 1 1.2 lm -y 0.5
box wall_hi 0 7.8 16.75  6.4 3.6 0.9 lm +z 0.5
prism wall_hi 0 0 16.16  0.32  5  -3.2 6  -3.2 8.04  0 8.04  0 7.7  -2.6 6.4 axis z
prism wall_hi 0 0 16.16  0.32  5  3.2 6  3.2 8.04  0 8.04  0 7.7  2.6 6.4 axis z
box wall_hi 0 8.81 16.16  6 1.58 0.32
lightmap 5
prism stone_lt 0 0 16  6  8  0.02 8.15  -0.1 8.15  -0.1 8.29  -0.22 8.45  -0.22 8.59  -0.4 8.83  -0.4 9  0.02 9 axis x
lightmap 8
box stone_lt -2.6 2.81 16.25  1.2 5.62 1.9
lightmap 5
box stone_dk -2.6 0.4 15.64  1.34 0.8 0.82
box bronze -2.6 3.97 15.655  1.24 0.14 0.75
box onyx_teal -2.6 4.23 15.659  1.224 0.14 0.742
box stone_lt -2.6 5.8 16.205  1.38 0.4 1.99
lightmap 8
box stone_lt 2.6 2.81 16.25  1.2 5.62 1.9
lightmap 5
box stone_dk 2.6 0.4 15.64  1.34 0.8 0.82
box bronze 2.6 3.97 15.655  1.24 0.14 0.75
box onyx_teal 2.6 4.23 15.659  1.224 0.14 0.742
box stone_lt 2.6 5.8 16.205  1.38 0.4 1.99
lightmap 6
prism trim_dk 0 0 15.78  1.08  4  -2 6  -1.5 6.263  -1.942 7.104  -3.093 6 axis z
prism stone_lt 0 0 15.81  1.02  4  -1.5 6.263  -1 6.525  -1.442 7.366  -1.942 7.104 axis z
prism trim_dk 0 0 15.78  1.08  4  -1 6.525  -0.5 6.788  -0.942 7.629  -1.442 7.366 axis z
prism stone_lt 0 0 15.81  1.02  4  -0.5 6.788  -0.159 6.966  -0.601 7.807  -0.942 7.629 axis z
prism trim_dk 0 0 15.78  1.08  4  2 6  1.5 6.263  1.942 7.104  3.093 6 axis z
prism stone_lt 0 0 15.81  1.02  4  1.5 6.263  1 6.525  1.442 7.366  1.942 7.104 axis z
prism trim_dk 0 0 15.78  1.08  4  1 6.525  0.5 6.788  0.942 7.629  1.442 7.366 axis z
prism stone_lt 0 0 15.81  1.02  4  0.5 6.788  0.159 6.966  0.601 7.807  0.942 7.629 axis z
prism granite 0 0 15.74  1.16  4  -0.3 6.89  0.3 6.89  0.46 8.14  -0.46 8.14 axis z
lightmap 4
box onyx_teal 0 7.53 15.16  0.3 0.3 0.05 rot 0 0 45
box path 0 0.025 16.1  4 0.05 1.6
box bronze 0 0.063 16  3.8 0.025 0.24

# ── W 쪽 벽 (x -16, -6 … 6)
block -16.5 0.1 -5.1  1.4 2.2 4.2
block -16.6 5.4 -5.1  1.2 8.4 4.2
lightmap 8
box stone_dk -16.5 -0.04 -5.1  1.4 1.92 4.2 lm -x 0.5 lm -y 0.5
lightmap 6
prism stone_lt -16 0 -4.5  3  7  -0.02 0.9  0.2 0.9  0.2 0.98  0.13 1.1  0.05 1.14  0.05 1.2  -0.02 1.2 axis z miter 1 0 0 0
lightmap 8
box stone -16.6 2.1 -5.1  1.2 2.4 4.2 lm -x 0.5
lightmap 4
box onyx_teal -16.009 2.63 -4.5  0.042 0.14 3
lightmap 6
prism stone_lt -16 0 -4.5  3  6  -0.02 3.28  0.07 3.28  0.15 3.37  0.15 3.49  0.06 3.6  -0.02 3.6 axis z miter 1 0 0 0
box wall_hi -16.6 6.44 -5.1  1.2 6.32 4.2 lm -x 0.5
lightmap 5
prism stone_lt -16 0 -4.5  3  8  -0.02 8.15  0.1 8.15  0.1 8.29  0.22 8.45  0.22 8.59  0.4 8.83  0.4 9  -0.02 9 axis z miter 1 0 0 0
lightmap 4
box granite -15.435 -0.006 -4.5  0.77 0.048 3
block -16.5 0.1 5.1  1.4 2.2 4.2
block -16.6 5.4 5.1  1.2 8.4 4.2
lightmap 8
box stone_dk -16.5 -0.04 5.1  1.4 1.92 4.2 lm -x 0.5 lm -y 0.5
lightmap 6
prism stone_lt -16 0 4.5  3  7  -0.02 0.9  0.2 0.9  0.2 0.98  0.13 1.1  0.05 1.14  0.05 1.2  -0.02 1.2 axis z miter 0 0 -1 0
lightmap 8
box stone -16.6 2.1 5.1  1.2 2.4 4.2 lm -x 0.5
lightmap 4
box onyx_teal -16.009 2.63 4.5  0.042 0.14 3
lightmap 6
prism stone_lt -16 0 4.5  3  6  -0.02 3.28  0.07 3.28  0.15 3.37  0.15 3.49  0.06 3.6  -0.02 3.6 axis z miter 0 0 -1 0
box wall_hi -16.6 6.44 5.1  1.2 6.32 4.2 lm -x 0.5
lightmap 5
prism stone_lt -16 0 4.5  3  8  -0.02 8.15  0.1 8.15  0.1 8.29  0.22 8.45  0.22 8.59  0.4 8.83  0.4 9  -0.02 9 axis z miter 0 0 -1 0
lightmap 4
box granite -15.435 -0.006 4.5  0.77 0.048 3
block -16.25 3 -2.6  1.9 6 1.2
block -16.25 3 2.6  1.9 6 1.2
block -17.4 4.3 0  0.8 10.6 6.8
block -16.6 -0.5 0  1.2 1 6.4
lightmap 6
box stone_dk -17.4 4.3 0  0.8 10.6 6.8 lm -x 0.5
box granite -16.6 -0.5 0  1.2 1 6.4 lm -y 0.5
box wall_hi -16.75 7.8 0  0.9 3.6 6.4 lm -x 0.5
prism wall_hi -16.16 0 0  0.32  5  -3.2 6  -3.2 8.04  0 8.04  0 7.7  -2.6 6.4 axis x
prism wall_hi -16.16 0 0  0.32  5  3.2 6  3.2 8.04  0 8.04  0 7.7  2.6 6.4 axis x
box wall_hi -16.16 8.81 0  0.32 1.58 6
lightmap 5
prism stone_lt -16 0 0  6  8  -0.02 8.15  0.1 8.15  0.1 8.29  0.22 8.45  0.22 8.59  0.4 8.83  0.4 9  -0.02 9 axis z
lightmap 8
box stone_lt -16.25 2.81 -2.6  1.9 5.62 1.2
lightmap 5
box stone_dk -15.64 0.4 -2.6  0.82 0.8 1.34
box bronze -15.655 3.97 -2.6  0.75 0.14 1.24
box onyx_teal -15.659 4.23 -2.6  0.742 0.14 1.224
box stone_lt -16.205 5.8 -2.6  1.99 0.4 1.38
lightmap 8
box stone_lt -16.25 2.81 2.6  1.9 5.62 1.2
lightmap 5
box stone_dk -15.64 0.4 2.6  0.82 0.8 1.34
box bronze -15.655 3.97 2.6  0.75 0.14 1.24
box onyx_teal -15.659 4.23 2.6  0.742 0.14 1.224
box stone_lt -16.205 5.8 2.6  1.99 0.4 1.38
lightmap 6
prism trim_dk -15.78 0 0  1.08  4  -2 6  -1.5 6.263  -1.942 7.104  -3.093 6 axis x
prism stone_lt -15.81 0 0  1.02  4  -1.5 6.263  -1 6.525  -1.442 7.366  -1.942 7.104 axis x
prism trim_dk -15.78 0 0  1.08  4  -1 6.525  -0.5 6.788  -0.942 7.629  -1.442 7.366 axis x
prism stone_lt -15.81 0 0  1.02  4  -0.5 6.788  -0.159 6.966  -0.601 7.807  -0.942 7.629 axis x
prism trim_dk -15.78 0 0  1.08  4  2 6  1.5 6.263  1.942 7.104  3.093 6 axis x
prism stone_lt -15.81 0 0  1.02  4  1.5 6.263  1 6.525  1.442 7.366  1.942 7.104 axis x
prism trim_dk -15.78 0 0  1.08  4  1 6.525  0.5 6.788  0.942 7.629  1.442 7.366 axis x
prism stone_lt -15.81 0 0  1.02  4  0.5 6.788  0.159 6.966  0.601 7.807  0.942 7.629 axis x
prism granite -15.74 0 0  1.16  4  -0.3 6.89  0.3 6.89  0.46 8.14  -0.46 8.14 axis x
lightmap 4
box onyx_teal -15.16 7.53 0  0.05 0.3 0.3 rot 0 45 0
box path -16.1 0.025 0  1.6 0.05 4
box bronze -16 0.063 0  0.24 0.025 3.8

# ── W 쪽 벽 (x -6, -16 … -6)
block -6.5 0.1 -11.6  1.4 2.2 11.2
block -6.6 5.4 -11.6  1.2 8.4 11.2
lightmap 8
box stone_dk -6.5 -0.04 -11.5  1.4 1.92 11.4 lm -x 0.5 lm -y 0.5
lightmap 6
prism stone_lt -6 0 -11  10  7  -0.02 0.9  0.2 0.9  0.2 0.98  0.13 1.1  0.05 1.14  0.05 1.2  -0.02 1.2 axis z miter 1 0 1 0
lightmap 8
box stone -6.6 2.1 -15.5  1.2 2.4 3.4 lm -x 0.5
box stone -6.6 2.1 -11  1.2 2.4 2.8 lm -x 0.5
box stone -6.6 2.1 -7.1  1.2 2.4 2.2 lm -x 0.5
lightmap 6
box stone -6.285 1.06 -13.1  0.57 0.32 1.44
box granite -6.875 2.09 -13.1  0.65 2.38 1.44 lm -x 0.5
box stone -6.285 3.15 -13.1  0.57 0.26 1.4
prism stone -6.285 0 0  0.57  5  -13.8 2.5  -13.1 3.02  -13.1 3.06  -13.84 3.06  -13.84 2.5 axis x
prism stone -6.285 0 0  0.57  5  -12.4 2.5  -13.1 3.02  -13.1 3.06  -12.36 3.06  -12.36 2.5 axis x
lightmap 5
prism stone_lt -6.04 0 0  0.2  4  -13.94 1.2  -13.8 1.2  -13.8 2.5  -13.94 2.57 axis x
prism stone_lt -6.04 0 0  0.2  4  -13.8 2.5  -13.1 3.02  -13.1 3.194  -13.94 2.57 axis x
prism stone_lt -6.04 0 0  0.2  4  -12.26 1.2  -12.4 1.2  -12.4 2.5  -12.26 2.57 axis x
prism stone_lt -6.04 0 0  0.2  4  -12.4 2.5  -13.1 3.02  -13.1 3.194  -12.26 2.57 axis x
box stone_lt -6.145 1.23 -13.1  0.81 0.06 1.68
prop bust -6.26 1.26 -13.1  90 1
lightmap 4
box stone_lt -5.88 4.58 -13.1  0.44 0.16 1
prism stone_lt -6 0 -13.1  0.84  4  -0.1 4.2  0.04 4.2  0.26 4.5  -0.1 4.5 axis z
prop lion_head -5.86 4.66 -13.1  90 1.0
lightmap 6
box stone -6.285 1.06 -8.9  0.57 0.32 1.44
box granite -6.875 2.09 -8.9  0.65 2.38 1.44 lm -x 0.5
box stone -6.285 3.15 -8.9  0.57 0.26 1.4
prism stone -6.285 0 0  0.57  5  -9.6 2.5  -8.9 3.02  -8.9 3.06  -9.64 3.06  -9.64 2.5 axis x
prism stone -6.285 0 0  0.57  5  -8.2 2.5  -8.9 3.02  -8.9 3.06  -8.16 3.06  -8.16 2.5 axis x
lightmap 5
prism stone_lt -6.04 0 0  0.2  4  -9.74 1.2  -9.6 1.2  -9.6 2.5  -9.74 2.57 axis x
prism stone_lt -6.04 0 0  0.2  4  -9.6 2.5  -8.9 3.02  -8.9 3.194  -9.74 2.57 axis x
prism stone_lt -6.04 0 0  0.2  4  -8.06 1.2  -8.2 1.2  -8.2 2.5  -8.06 2.57 axis x
prism stone_lt -6.04 0 0  0.2  4  -8.2 2.5  -8.9 3.02  -8.9 3.194  -8.06 2.57 axis x
box stone_lt -6.145 1.23 -8.9  0.81 0.06 1.68
prop amphora -6.26 1.26 -8.9  90 1
lightmap 4
box stone_lt -5.88 4.58 -8.9  0.44 0.16 1
prism stone_lt -6 0 -8.9  0.84  4  -0.1 4.2  0.04 4.2  0.26 4.5  -0.1 4.5 axis z
prop bull_head -5.86 4.66 -8.9  90 1.0
box onyx_teal -6.009 2.63 -14.97  0.042 0.14 2.06
box onyx_teal -6.009 2.63 -11  0.042 0.14 2.52
box onyx_teal -6.009 2.63 -7.03  0.042 0.14 2.06
box stone_lt -5.992 1.483 -6.373  0.055 0.481 0.815
box stone_lt -5.992 1.988 -6.212  0.055 0.481 0.495
box stone_lt -5.992 2.493 -6.373  0.055 0.481 0.815
box stone_lt -5.992 2.998 -6.212  0.055 0.481 0.495
box stone_lt -5.992 3.855 -6.373  0.055 0.425 0.815
box stone_lt -5.992 4.304 -6.212  0.055 0.425 0.495
box stone_lt -5.992 4.753 -6.373  0.055 0.425 0.815
box stone_lt -5.992 5.202 -6.212  0.055 0.425 0.495
box stone_lt -5.992 5.651 -6.373  0.055 0.425 0.815
box stone_lt -5.992 6.1 -6.212  0.055 0.425 0.495
box stone_lt -5.992 6.549 -6.373  0.055 0.425 0.815
box stone_lt -5.992 6.998 -6.212  0.055 0.425 0.495
box stone_lt -5.992 7.447 -6.373  0.055 0.425 0.815
box stone_lt -5.992 7.896 -6.212  0.055 0.425 0.495
lightmap 6
prism stone_lt -6 0 -11  10  6  -0.02 3.28  0.07 3.28  0.15 3.37  0.15 3.49  0.06 3.6  -0.02 3.6 axis z miter 1 0 1 0
box wall_hi -6.6 6.44 -11.6  1.2 6.32 11.2 lm -x 0.5
lightmap 5
prism stone_lt -6 0 -11  10  8  -0.02 8.15  0.1 8.15  0.1 8.29  0.22 8.45  0.22 8.59  0.4 8.83  0.4 9  -0.02 9 axis z miter 1 0 1 0
lightmap 6
box stone_dk -5.875 0.63 -15.2  0.29 1.26 1.06
box stone_lt -5.91 4.485 -15.2  0.22 6.57 0.9
lightmap 4
prism stone_lt -6 0 -15.2  1.1  5  -0.02 7.73  0.2 7.73  0.3 7.95  0.3 8.17  -0.02 8.17 axis z
box onyx_amber -5.8 2.63 -15.2  0.05 0.3 0.3 rot 0 45 0
lightmap 6
box stone_dk -5.875 0.63 -11  0.29 1.26 1.06
box stone_lt -5.91 4.485 -11  0.22 6.57 0.9
lightmap 4
prism stone_lt -6 0 -11  1.1  5  -0.02 7.73  0.2 7.73  0.3 7.95  0.3 8.17  -0.02 8.17 axis z
box onyx_amber -5.8 2.63 -11  0.05 0.3 0.3 rot 0 45 0
lightmap 6
box stone_dk -5.875 0.63 -6.8  0.29 1.26 1.06
box stone_lt -5.91 4.485 -6.8  0.22 6.57 0.9
lightmap 4
prism stone_lt -6 0 -6.8  1.1  5  -0.02 7.73  0.2 7.73  0.3 7.95  0.3 8.17  -0.02 8.17 axis z
box onyx_amber -5.8 2.63 -6.8  0.05 0.3 0.3 rot 0 45 0
box granite -5.435 -0.006 -11  0.77 0.048 10

# ── W 쪽 벽 (x -6, 6 … 16)
block -6.5 0.1 11.6  1.4 2.2 11.2
block -6.6 5.4 11.6  1.2 8.4 11.2
lightmap 8
box stone_dk -6.5 -0.04 11.5  1.4 1.92 11.4 lm -x 0.5 lm -y 0.5
lightmap 6
prism stone_lt -6 0 11  10  7  -0.02 0.9  0.2 0.9  0.2 0.98  0.13 1.1  0.05 1.14  0.05 1.2  -0.02 1.2 axis z miter -1 0 -1 0
lightmap 8
box stone -6.6 2.1 7.1  1.2 2.4 2.2 lm -x 0.5
box stone -6.6 2.1 11  1.2 2.4 2.8 lm -x 0.5
box stone -6.6 2.1 15.5  1.2 2.4 3.4 lm -x 0.5
lightmap 6
box stone -6.285 1.06 8.9  0.57 0.32 1.44
box granite -6.875 2.09 8.9  0.65 2.38 1.44 lm -x 0.5
box stone -6.285 3.15 8.9  0.57 0.26 1.4
prism stone -6.285 0 0  0.57  5  8.2 2.5  8.9 3.02  8.9 3.06  8.16 3.06  8.16 2.5 axis x
prism stone -6.285 0 0  0.57  5  9.6 2.5  8.9 3.02  8.9 3.06  9.64 3.06  9.64 2.5 axis x
lightmap 5
prism stone_lt -6.04 0 0  0.2  4  8.06 1.2  8.2 1.2  8.2 2.5  8.06 2.57 axis x
prism stone_lt -6.04 0 0  0.2  4  8.2 2.5  8.9 3.02  8.9 3.194  8.06 2.57 axis x
prism stone_lt -6.04 0 0  0.2  4  9.74 1.2  9.6 1.2  9.6 2.5  9.74 2.57 axis x
prism stone_lt -6.04 0 0  0.2  4  9.6 2.5  8.9 3.02  8.9 3.194  9.74 2.57 axis x
box stone_lt -6.145 1.23 8.9  0.81 0.06 1.68
prop brass_vase_a -6.26 1.26 8.9  90 1
lightmap 4
box stone_lt -5.88 4.58 8.9  0.44 0.16 1
prism stone_lt -6 0 8.9  0.84  4  -0.1 4.2  0.04 4.2  0.26 4.5  -0.1 4.5 axis z
prop lion_head -5.86 4.66 8.9  90 1.0
lightmap 6
box stone -6.285 1.06 13.1  0.57 0.32 1.44
box granite -6.875 2.09 13.1  0.65 2.38 1.44 lm -x 0.5
box stone -6.285 3.15 13.1  0.57 0.26 1.4
prism stone -6.285 0 0  0.57  5  12.4 2.5  13.1 3.02  13.1 3.06  12.36 3.06  12.36 2.5 axis x
prism stone -6.285 0 0  0.57  5  13.8 2.5  13.1 3.02  13.1 3.06  13.84 3.06  13.84 2.5 axis x
lightmap 5
prism stone_lt -6.04 0 0  0.2  4  12.26 1.2  12.4 1.2  12.4 2.5  12.26 2.57 axis x
prism stone_lt -6.04 0 0  0.2  4  12.4 2.5  13.1 3.02  13.1 3.194  12.26 2.57 axis x
prism stone_lt -6.04 0 0  0.2  4  13.94 1.2  13.8 1.2  13.8 2.5  13.94 2.57 axis x
prism stone_lt -6.04 0 0  0.2  4  13.8 2.5  13.1 3.02  13.1 3.194  13.94 2.57 axis x
box stone_lt -6.145 1.23 13.1  0.81 0.06 1.68
prop vase_b -6.26 1.26 13.1  90 1
lightmap 4
box stone_lt -5.88 4.58 13.1  0.44 0.16 1
prism stone_lt -6 0 13.1  0.84  4  -0.1 4.2  0.04 4.2  0.26 4.5  -0.1 4.5 axis z
prop bull_head -5.86 4.66 13.1  90 1.0
box onyx_teal -6.009 2.63 7.03  0.042 0.14 2.06
box onyx_teal -6.009 2.63 11  0.042 0.14 2.52
box onyx_teal -6.009 2.63 14.97  0.042 0.14 2.06
box stone_lt -5.992 1.483 6.373  0.055 0.481 0.815
box stone_lt -5.992 1.988 6.213  0.055 0.481 0.495
box stone_lt -5.992 2.493 6.373  0.055 0.481 0.815
box stone_lt -5.992 2.998 6.213  0.055 0.481 0.495
box stone_lt -5.992 3.855 6.373  0.055 0.425 0.815
box stone_lt -5.992 4.304 6.213  0.055 0.425 0.495
box stone_lt -5.992 4.753 6.373  0.055 0.425 0.815
box stone_lt -5.992 5.202 6.213  0.055 0.425 0.495
box stone_lt -5.992 5.651 6.373  0.055 0.425 0.815
box stone_lt -5.992 6.1 6.213  0.055 0.425 0.495
box stone_lt -5.992 6.549 6.373  0.055 0.425 0.815
box stone_lt -5.992 6.998 6.213  0.055 0.425 0.495
box stone_lt -5.992 7.447 6.373  0.055 0.425 0.815
box stone_lt -5.992 7.896 6.213  0.055 0.425 0.495
lightmap 6
prism stone_lt -6 0 11  10  6  -0.02 3.28  0.07 3.28  0.15 3.37  0.15 3.49  0.06 3.6  -0.02 3.6 axis z miter -1 0 -1 0
box wall_hi -6.6 6.44 11.6  1.2 6.32 11.2 lm -x 0.5
lightmap 5
prism stone_lt -6 0 11  10  8  -0.02 8.15  0.1 8.15  0.1 8.29  0.22 8.45  0.22 8.59  0.4 8.83  0.4 9  -0.02 9 axis z miter -1 0 -1 0
lightmap 6
box stone_dk -5.875 0.63 6.8  0.29 1.26 1.06
box stone_lt -5.91 4.485 6.8  0.22 6.57 0.9
lightmap 4
prism stone_lt -6 0 6.8  1.1  5  -0.02 7.73  0.2 7.73  0.3 7.95  0.3 8.17  -0.02 8.17 axis z
box onyx_amber -5.8 2.63 6.8  0.05 0.3 0.3 rot 0 45 0
lightmap 6
box stone_dk -5.875 0.63 11  0.29 1.26 1.06
box stone_lt -5.91 4.485 11  0.22 6.57 0.9
lightmap 4
prism stone_lt -6 0 11  1.1  5  -0.02 7.73  0.2 7.73  0.3 7.95  0.3 8.17  -0.02 8.17 axis z
box onyx_amber -5.8 2.63 11  0.05 0.3 0.3 rot 0 45 0
lightmap 6
box stone_dk -5.875 0.63 15.2  0.29 1.26 1.06
box stone_lt -5.91 4.485 15.2  0.22 6.57 0.9
lightmap 4
prism stone_lt -6 0 15.2  1.1  5  -0.02 7.73  0.2 7.73  0.3 7.95  0.3 8.17  -0.02 8.17 axis z
box onyx_amber -5.8 2.63 15.2  0.05 0.3 0.3 rot 0 45 0
box granite -5.435 -0.006 11  0.77 0.048 10

# ── 천장과 들보
lightmap 3
box ceiling 0 9.3 -12.75  12 0.6 6.5 lm +y 0.25
box ceiling -1.05 9.3 -8  9.9 0.6 3 lm +y 0.25
box ceiling 0 9.3 -2.3  12 0.6 8.4 lm +y 0.25
box ceiling -2.25 9.3 3.6  7.5 0.6 3.4 lm +y 0.25
box ceiling 5.45 9.3 3.6  1.1 0.6 3.4 lm +y 0.25
box ceiling 0 9.3 10.65  12 0.6 10.7 lm +y 0.25
box ceiling -11 9.3 -2.05  10 0.6 7.9 lm +y 0.25
box ceiling -11 9.3 3.6  10 0.6 3.4 lm +y 0.25
box ceiling -11 9.3 5.65  10 0.6 0.7 lm +y 0.25
box ceiling 11 9.3 -2.05  10 0.6 7.9 lm +y 0.25
box ceiling 11 9.3 3.6  10 0.6 3.4 lm +y 0.25
box ceiling 11 9.3 5.65  10 0.6 0.7 lm +y 0.25
box stone_dk 3.2 9.8 1.75  4 0.4 0.3 lm +y 0.5
box stone_dk 3.2 9.8 5.45  4 0.4 0.3 lm +y 0.5
box stone_dk 1.35 9.8 3.6  0.3 0.4 3.4 lm +y 0.5
box stone_dk 5.05 9.8 3.6  0.3 0.4 3.4 lm +y 0.5
lightmap 4
box stone_lt 3.2 8.965 1.7  4.2 0.11 0.4
box stone_lt 3.2 8.965 5.5  4.2 0.11 0.4
box stone_lt 1.3 8.965 3.6  0.4 0.11 3.4
box stone_lt 5.1 8.965 3.6  0.4 0.11 3.4
lightmap 3
box stone_dk 5.4 9.8 -9.65  3.6 0.4 0.3 lm +y 0.5
box stone_dk 5.4 9.8 -6.35  3.6 0.4 0.3 lm +y 0.5
box stone_dk 3.75 9.8 -8  0.3 0.4 3 lm +y 0.5
box stone_dk 7.05 9.8 -8  0.3 0.4 3 lm +y 0.5
lightmap 4
box stone_lt 5.4 8.965 -9.7  3.8 0.11 0.4
box stone_lt 5.4 8.965 -6.3  3.8 0.11 0.4
box stone_lt 3.7 8.965 -8  0.4 0.11 3
box stone_lt 7.1 8.965 -8  0.4 0.11 3
prism trim_dk 0 0 0  12  6  -6.4 9  -5.6 9  -5.6 8.24  -5.74 8.1  -6.26 8.1  -6.4 8.24 axis x
prism stone_lt 0 0 -6  0.92  6  -6 8.12  -5.38 8.12  -5.38 8  -5.5 7.88  -5.84 7.38  -6 7.38 axis z
prism stone_lt 0 0 -6  0.92  6  6 8.12  5.38 8.12  5.38 8  5.5 7.88  5.84 7.38  6 7.38 axis z
prism trim_dk 0 0 0  12  6  5.6 9  6.4 9  6.4 8.24  6.26 8.1  5.74 8.1  5.6 8.24 axis x
prism stone_lt 0 0 6  0.92  6  -6 8.12  -5.38 8.12  -5.38 8  -5.5 7.88  -5.84 7.38  -6 7.38 axis z
prism stone_lt 0 0 6  0.92  6  6 8.12  5.38 8.12  5.38 8  5.5 7.88  5.84 7.38  6 7.38 axis z
prism trim_dk 0 0 0  12  6  -6.4 9  -5.6 9  -5.6 8.24  -5.74 8.1  -6.26 8.1  -6.4 8.24 axis z
prism stone_lt -6 0 0  0.92  6  -6 8.12  -5.38 8.12  -5.38 8  -5.5 7.88  -5.84 7.38  -6 7.38 axis x
prism stone_lt -6 0 0  0.92  6  6 8.12  5.38 8.12  5.38 8  5.5 7.88  5.84 7.38  6 7.38 axis x
prism trim_dk 0 0 0  12  6  5.6 9  6.4 9  6.4 8.24  6.26 8.1  5.74 8.1  5.6 8.24 axis z
prism stone_lt 6 0 0  0.92  6  -6 8.12  -5.38 8.12  -5.38 8  -5.5 7.88  -5.84 7.38  -6 7.38 axis x
prism stone_lt 6 0 0  0.92  6  6 8.12  5.38 8.12  5.38 8  5.5 7.88  5.84 7.38  6 7.38 axis x
prism trim_dk 0 0 0  12  6  -11.4 9  -10.6 9  -10.6 8.24  -10.74 8.1  -11.26 8.1  -11.4 8.24 axis x
prism stone_lt 0 0 -11  0.92  6  -6 8.12  -5.38 8.12  -5.38 8  -5.5 7.88  -5.84 7.38  -6 7.38 axis z
prism stone_lt 0 0 -11  0.92  6  6 8.12  5.38 8.12  5.38 8  5.5 7.88  5.84 7.38  6 7.38 axis z
prism trim_dk 0 0 0  12  6  10.6 9  11.4 9  11.4 8.24  11.26 8.1  10.74 8.1  10.6 8.24 axis x
prism stone_lt 0 0 11  0.92  6  -6 8.12  -5.38 8.12  -5.38 8  -5.5 7.88  -5.84 7.38  -6 7.38 axis z
prism stone_lt 0 0 11  0.92  6  6 8.12  5.38 8.12  5.38 8  5.5 7.88  5.84 7.38  6 7.38 axis z
prism trim_dk 0 0 0  12  6  -11.4 9  -10.6 9  -10.6 8.24  -10.74 8.1  -11.26 8.1  -11.4 8.24 axis z
prism stone_lt -11 0 0  0.92  6  -6 8.12  -5.38 8.12  -5.38 8  -5.5 7.88  -5.84 7.38  -6 7.38 axis x
prism stone_lt -11 0 0  0.92  6  6 8.12  5.38 8.12  5.38 8  5.5 7.88  5.84 7.38  6 7.38 axis x
prism trim_dk 0 0 0  12  6  10.6 9  11.4 9  11.4 8.24  11.26 8.1  10.74 8.1  10.6 8.24 axis z
prism stone_lt 11 0 0  0.92  6  -6 8.12  -5.38 8.12  -5.38 8  -5.5 7.88  -5.84 7.38  -6 7.38 axis x
prism stone_lt 11 0 0  0.92  6  6 8.12  5.38 8.12  5.38 8  5.5 7.88  5.84 7.38  6 7.38 axis x
lightmap 3
box trim_dk 0 8.9 -13.333  12 0.24 0.3
box trim_dk 0 8.9 -2.667  12 0.24 0.3
box trim_dk 0 8.9 0  12 0.24 0.3
box trim_dk 0 8.9 8  12 0.24 0.3
box trim_dk 0 8.9 13.333  12 0.24 0.3
box trim_dk -3 8.9 0  0.3 0.24 32
box trim_dk 0 8.9 0  0.3 0.24 32
box trim_dk -11 8.9 -3  10 0.24 0.3
box trim_dk -11 8.9 0  10 0.24 0.3
box trim_dk -11 8.9 3  10 0.24 0.3
box trim_dk -13.5 8.9 0  0.3 0.24 12
box trim_dk -8.5 8.9 0  0.3 0.24 12
box trim_dk 11 8.9 -3  10 0.24 0.3
box trim_dk 11 8.9 0  10 0.24 0.3
box trim_dk 11 8.9 3  10 0.24 0.3
box trim_dk 8.5 8.9 0  0.3 0.24 12
box trim_dk 13.5 8.9 0  0.3 0.24 12

# ── 손으로 적은 것 — 바닥 무늬, 단, 헤드론, 빛, 소품, 길의 점
# 가운데의 낮은 단 — 걸어 오른다 (0.4 m). 모서리를 다듬은 돌의 테로 두른다
block 0 0.2 0   8 0.4 8
lightmap 10
box stone_dk 0 0.19 0   7.7 0.38 7.7 lm -y 0.5
lightmap 5
box stone_lt 0 0.2 -3.85   8 0.4 0.3
box stone_lt 0 0.2  3.85   8 0.4 0.3
box stone_lt -3.85 0.2 0   0.3 0.4 7.4
box stone_lt  3.85 0.2 0   0.3 0.4 7.4
lightmap 4
box onyx_teal  0 0.39 -3.2   6.4 0.016 0.25
box onyx_teal  0 0.39  3.2   6.4 0.016 0.25
box onyx_teal  -3.2 0.39 0   0.25 0.016 6.4
box onyx_teal   3.2 0.39 0   0.25 0.016 6.4
box onyx_amber 0 0.394 0   3.4 0.02 3.4 rot 45 0 0
box mosaic 0 0.4 0   2.8 0.02 2.8 rot 45 0 0
box path 0 0.012 -10.5   2.6 0.024 11
box path 0 0.012  10.5   2.6 0.024 11
box path -10.5 0.012 0   11 0.024 2.6
box path  10.5 0.012 0   11 0.024 2.6
box moss  -4.6 0.012 -13.6   2.4 0.024 3.6
box moss   13.4 0.012 4.4    3.6 0.024 2.4
box drift -13.4 0.01 -4.2   3.6 0.02 2.6 rot 10 0 0
# 팔마다의 등
lightmap 4
box granite -5.58 6 -11 0.9 0.26 0.4
box stone_lt -5.8 5.72 -11 0.44 0.32 0.3
box bronze -5.28 6.18 -11 0.52 0.1 0.62
lightmap 0.5
oct rune -5.28 6.88 -11 0.22 0.5 0.22 rot -58 0 0
light -5.28 6.88 -11 #a9efe3 3.9 10 0.25
lightmap 4
box stone_lt -11 7.32 -5.9 0.36 0.56 0.22
box bronze -11 7.48 -5.48 0.16 0.07 1
box bronze -11 7.22 -5.7 0.16 0.06 0.62 rot 0 -40 0
prop brass_lantern -11 6.32 -5.15 83 1.0
lightmap 0.5
oct flame -11 6.62 -5.15 0.06 0.13 0.06
light -11 6.2 -5.15 #ffc98a 4 10 0.22
lightmap 4
box stone_lt -15.9 7.32 4.2 0.22 0.56 0.36
box bronze -15.48 7.48 4.2 1 0.07 0.16
box bronze -15.7 7.22 4.2 0.62 0.06 0.16 rot 0 0 40
prop brass_lantern -15.15 6.32 4.2 65 1.0
lightmap 0.5
oct flame -15.15 6.62 4.2 0.06 0.13 0.06
light -15.15 6.2 4.2 #ffc98a 3.6 9 0.22
lightmap 4
box granite 11 6 -5.58 0.4 0.26 0.9
box stone_lt 11 5.72 -5.8 0.3 0.32 0.44
box bronze 11 6.18 -5.28 0.62 0.1 0.52
lightmap 0.5
oct rune 11 6.88 -5.28 0.22 0.5 0.22 rot 37 0 0
light 11 6.88 -5.28 #a9efe3 3.4 9 0.25
lightmap 4
box stone_lt -5.9 7.32 11 0.22 0.56 0.36
box bronze -5.48 7.48 11 1 0.07 0.16
box bronze -5.7 7.22 11 0.62 0.06 0.16 rot 0 0 40
prop brass_lantern -5.15 6.32 11 1 1.0
lightmap 0.5
oct flame -5.15 6.62 11 0.06 0.13 0.06
light -5.15 6.2 11 #ffc98a 3.6 9 0.22
lightmap 4
box granite 5.58 6 11 0.9 0.26 0.4
box stone_lt 5.8 5.72 11 0.44 0.32 0.3
box bronze 5.28 6.18 11 0.52 0.1 0.62
lightmap 0.5
oct rune 5.28 6.88 11 0.22 0.5 0.22 rot 58 0 0
light 5.28 6.88 11 #a9efe3 8 10 0.25
lightmap 0.5
oct rune 0 3.8 0  0.22 0.5 0.22 rot 0 0 0
light 0 3.8 0 #a9efe3 6 11 0.25
prop rubble_a      4.6 0  14.6  300 0.8
prop rock_mid_c   14.4 0  -4.6   20 0.8
prop nettle_b     14.2 0   4.6  250 1.0
prop weed_a       -4.6 0  12.4   30 1.0
prop rubble_b    -12.8 0   4.6  170 0.9
prop barrel        4.7 0 -14.7   40 1.0
prop clay_pot      4.8 0 -13.4  100 1.0
prop crate       -14.6 0  -4.6   15 1.0
prop brass_pot   -13.3 0  -4.8  220 1.0
waypoint 0 0.4 0
waypoint 0 0 -7
waypoint 0 0 -12.5
waypoint 7 0 0
waypoint 12.5 0 0
waypoint 0 0 7
waypoint 0 0 12.5
waypoint -7 0 0
waypoint -12.5 0 0

# ── 2층 회랑과 서로 반대쪽의 두 계단 — 지붕 아래 실제 보행 경로
lightmap 6
block -3.7 3.35 -12.25  4.2 0.3 0.5
box floor -3.7 3.35 -12.25  4.2 0.3 0.5 lm -y 3
block -4.9 3.35 -8  1.8 0.3 8
box floor -4.9 3.35 -8  1.8 0.3 8 lm -y 3
block -3.7 3.35 0  4.2 0.3 8
box floor -3.7 3.35 0  4.2 0.3 8 lm -y 3
block -3.7 3.35 8  4.2 0.3 8
box floor -3.7 3.35 8  4.2 0.3 8 lm -y 3
block -3.7 3.35 12.25  4.2 0.3 0.5
box floor -3.7 3.35 12.25  4.2 0.3 0.5 lm -y 3
block 3.7 3.35 -12.25  4.2 0.3 0.5
box floor 3.7 3.35 -12.25  4.2 0.3 0.5 lm -y 3
block 3.7 3.35 -8  4.2 0.3 8
box floor 3.7 3.35 -8  4.2 0.3 8 lm -y 3
block 3.7 3.35 0  4.2 0.3 8
box floor 3.7 3.35 0  4.2 0.3 8 lm -y 3
block 4.9 3.35 8  1.8 0.3 8
box floor 4.9 3.35 8  1.8 0.3 8 lm -y 3
block 3.7 3.35 12.25  4.2 0.3 0.5
box floor 3.7 3.35 12.25  4.2 0.3 0.5 lm -y 3
block 0 3.35 -12.25  3.2 0.3 0.5
box floor 0 3.35 -12.25  3.2 0.3 0.5 lm -y 3
block 0 3.35 -11  3.2 0.3 2
box floor 0 3.35 -11  3.2 0.3 2 lm -y 3
block 0 3.35 11  3.2 0.3 2
box floor 0 3.35 11  3.2 0.3 2 lm -y 3
block 0 3.35 12.25  3.2 0.3 0.5
box floor 0 3.35 12.25  3.2 0.3 0.5 lm -y 3
lightmap 5
solid on
stairs stone_lt -2.8 1.75 -8  2.4 3.5 8 14 rot 0 0 0
solid off
solid on
stairs stone_lt 2.8 1.75 8  2.4 3.5 8 14 rot 180 0 0
solid off
block -5.74 3.95 0  0.12 0.9 20
box stone_dk -5.74 3.95 0  0.12 0.9 20
box bronze -5.74 4.42 0  0.15 0.04 20
block 5.74 3.95 0  0.12 0.9 20
box stone_dk 5.74 3.95 0  0.12 0.9 20
box bronze 5.74 4.42 0  0.15 0.04 20
waypoint -2.8 0.4 -3
waypoint -2.8 0.75 -4.9
waypoint -2.8 2.25 -8
waypoint -2.8 3.5 -11.7
waypoint 2.8 0.4 3
waypoint 2.8 0.75 4.9
waypoint 2.8 2.25 8
waypoint 2.8 3.5 11.7
waypoint -4.9 3.5 -11.25
waypoint -4.9 3.5 0
waypoint -4.9 3.5 11.25
waypoint 4.9 3.5 -11.25
waypoint 4.9 3.5 0
waypoint 4.9 3.5 11.25
waypoint 0 3.5 -11.25
waypoint 0 3.5 11.25
